# step, loss_train, loss_test, metrics_test
0.000000000000000000e+00 0.000000000000000000e+00 0.000000000000000000e+00 0.000000000000000000e+00 3.620881190661670644e+03 3.623530307724144677e+03 0.000000000000000000e+00 0.000000000000000000e+00 0.000000000000000000e+00 3.620881190661670644e+03 3.623530307724144677e+03
1.000000000000000000e+03 0.000000000000000000e+00 0.000000000000000000e+00 0.000000000000000000e+00 2.087652974475083283e+03 2.055901343786585130e+03 0.000000000000000000e+00 0.000000000000000000e+00 0.000000000000000000e+00 2.087652974475083283e+03 2.055901343786585130e+03
2.000000000000000000e+03 0.000000000000000000e+00 0.000000000000000000e+00 0.000000000000000000e+00 2.087690812708130579e+03 2.055750326054467223e+03 0.000000000000000000e+00 0.000000000000000000e+00 0.000000000000000000e+00 2.087690812708130579e+03 2.055750326054467223e+03
3.000000000000000000e+03 0.000000000000000000e+00 0.000000000000000000e+00 0.000000000000000000e+00 2.087684984811007325e+03 2.055744279390895827e+03 0.000000000000000000e+00 0.000000000000000000e+00 0.000000000000000000e+00 2.087684984811007325e+03 2.055744279390895827e+03
4.000000000000000000e+03 0.000000000000000000e+00 0.000000000000000000e+00 0.000000000000000000e+00 7.270262384768665243e+01 4.542989387912203370e+01 0.000000000000000000e+00 0.000000000000000000e+00 0.000000000000000000e+00 7.270262384768665243e+01 4.542989387912203370e+01
5.000000000000000000e+03 0.000000000000000000e+00 0.000000000000000000e+00 0.000000000000000000e+00 1.463822757820071452e+01 3.235234263995554471e+00 0.000000000000000000e+00 0.000000000000000000e+00 0.000000000000000000e+00 1.463822757820071452e+01 3.235234263995554471e+00
6.000000000000000000e+03 0.000000000000000000e+00 0.000000000000000000e+00 0.000000000000000000e+00 1.031872062732740680e+01 1.637326354249994953e+00 0.000000000000000000e+00 0.000000000000000000e+00 0.000000000000000000e+00 1.031872062732740680e+01 1.637326354249994953e+00
7.000000000000000000e+03 0.000000000000000000e+00 0.000000000000000000e+00 0.000000000000000000e+00 9.059374848994277585e+00 1.199543639157019559e+00 0.000000000000000000e+00 0.000000000000000000e+00 0.000000000000000000e+00 9.059374848994277585e+00 1.199543639157019559e+00
8.000000000000000000e+03 0.000000000000000000e+00 0.000000000000000000e+00 0.000000000000000000e+00 7.250615962055259267e+00 7.428947129868450627e-01 0.000000000000000000e+00 0.000000000000000000e+00 0.000000000000000000e+00 7.250615962055259267e+00 7.428947129868450627e-01
9.000000000000000000e+03 0.000000000000000000e+00 0.000000000000000000e+00 0.000000000000000000e+00 5.653536957814315755e+00 5.674560641494628133e-01 0.000000000000000000e+00 0.000000000000000000e+00 0.000000000000000000e+00 5.653536957814315755e+00 5.674560641494628133e-01
1.000000000000000000e+04 0.000000000000000000e+00 0.000000000000000000e+00 0.000000000000000000e+00 4.059877458455748211e+00 4.278038914977760343e-01 0.000000000000000000e+00 0.000000000000000000e+00 0.000000000000000000e+00 4.059877458455748211e+00 4.278038914977760343e-01
1.100000000000000000e+04 0.000000000000000000e+00 0.000000000000000000e+00 0.000000000000000000e+00 2.764771110673892363e+00 4.659740656755065324e-01 0.000000000000000000e+00 0.000000000000000000e+00 0.000000000000000000e+00 2.764771110673892363e+00 3.914929781461594303e+03
1.200000000000000000e+04 0.000000000000000000e+00 0.000000000000000000e+00 0.000000000000000000e+00 2.071212184414338076e+00 2.452109042450059950e-01 0.000000000000000000e+00 0.000000000000000000e+00 0.000000000000000000e+00 2.071212184414338076e+00 3.911895618281092538e+03
1.300000000000000000e+04 0.000000000000000000e+00 0.000000000000000000e+00 0.000000000000000000e+00 1.760701467416590393e+00 2.569940011795281976e-01 0.000000000000000000e+00 0.000000000000000000e+00 0.000000000000000000e+00 1.760701467416590393e+00 3.913018872066631502e+03
1.400000000000000000e+04 0.000000000000000000e+00 0.000000000000000000e+00 0.000000000000000000e+00 1.353401841197325650e+00 1.263334138945211294e-01 0.000000000000000000e+00 0.000000000000000000e+00 0.000000000000000000e+00 1.353401841197325650e+00 3.912362318657431388e+03
1.500000000000000000e+04 0.000000000000000000e+00 0.000000000000000000e+00 0.000000000000000000e+00 1.115677604335433726e+00 8.089297154373904786e-02 0.000000000000000000e+00 0.000000000000000000e+00 0.000000000000000000e+00 1.115677604335433726e+00 3.912739423514176451e+03
1.500000000000000000e+04 3.009315815053711152e+00 7.043301252540151410e-04 7.975586945511035919e-02 1.115677604335433726e+00 8.089297154373904786e-02 2.811636594544852485e+00 7.071221945051021527e-04 1.929873378390203908e-05 1.115677604335433726e+00 3.912739423514176451e+03
1.600000000000000000e+04 3.883841832288299333e-03 1.188165426828381808e-03 6.963719819338269645e-05 1.164725503224968817e+00 1.805074000080054142e-01 9.419669745010297857e-02 1.220708391553521847e-03 3.871858571341804320e-03 1.164725503224968817e+00 3.911395798403009394e+03
1.700000000000000000e+04 1.551247367630880988e-03 1.125029470835389603e-03 6.365265278923323833e-05 1.136892014944939744e+00 2.242435876199290190e-01 2.389688573838468777e-01 1.150029091373366667e-03 4.717326195016544564e-03 1.136892014944939744e+00 3.910121117160154427e+03
1.800000000000000000e+04 6.754248663914547710e-04 9.780393274223522435e-04 4.897666772110433494e-06 8.865773051178992281e-01 1.024202142076654776e-01 3.173123814647947349e-01 1.002511187037851336e-03 5.323660501713880534e-03 8.865773051178992281e-01 3.912859815124768829e+03
1.900000000000000000e+04 1.086936466133595633e-03 8.687389826426245801e-04 3.017917628236441980e-06 7.824386214765468583e-01 7.694488340227093048e-02 2.621073169680994130e-01 9.009660755048877218e-04 7.901550493801218905e-03 7.824386214765468583e-01 3.915126521804947515e+03
2.000000000000000000e+04 6.671815596461288991e-04 7.765263190008144098e-04 3.630305042779865003e-06 6.952232366036311673e-01 4.481545399245728117e-02 5.905806587609287867e-02 8.196569417930029463e-04 4.066875943133875515e-02 6.952232366036311673e-01 3.914538815988013084e+03
2.100000000000000000e+04 8.382855112062253828e-04 6.589482895004833939e-04 4.381103219706187038e-07 6.863304873535233108e-01 8.120786756978465304e-02 1.121120102799171708e-01 6.856437034561284121e-04 2.668467783004862225e-03 6.863304873535233108e-01 4.196151874245942963e+03
2.200000000000000000e+04 6.342329570699437860e-04 5.110111308958729340e-04 1.038558172689873385e-06 7.000339999027674898e-01 1.406042626932447470e-01 5.101261576683607107e-02 5.186922692327787174e-04 2.483291960670786294e-03 7.000339999027674898e-01 4.196574578098910933e+03
2.300000000000000000e+04 5.570896558721752335e-04 4.195235624576219694e-04 1.315260362748146644e-06 6.079129864257091231e-01 6.851156829203779164e-02 4.761592809704338208e-02 4.231706511284588244e-04 1.766310717373626316e-03 6.079129864257091231e-01 4.195037164373520682e+03
2.400000000000000000e+04 5.711239432382299135e-04 3.733918742849021686e-04 8.426504924704616630e-07 5.976927525081948689e-01 5.981209983634085819e-02 9.077686183571248568e-02 3.744897265667858875e-04 7.021996362901433805e-05 5.976927525081948689e-01 4.195884549552979479e+03
2.500000000000000000e+04 4.655631616549528256e-04 3.316847601256582762e-04 4.462307325989209046e-07 5.669858555206984674e-01 6.256759688170503153e-02 3.150618736471729603e-02 3.324512114038240176e-04 6.072726641420255774e-05 5.669858555206984674e-01 4.195624654033858860e+03
2.600000000000000000e+04 5.738278127007094163e-04 2.861635753758983249e-04 1.280381778808215147e-06 8.915929440665514294e-01 5.046801939996400366e-01 5.887065942446164865e-03 2.877184433833323402e-04 4.353987105302952257e-04 8.915929440665514294e-01 4.195571268216747740e+03
2.700000000000000000e+04 5.085050240440742650e-04 2.614055545482013945e-04 7.577202277876928508e-07 1.764085865187639435e+00 1.599942106258372521e+00 4.713334470435223342e-03 2.637736668440498382e-04 9.493370620419661499e-04 1.764085865187639435e+00 4.197716937944585879e+03
2.800000000000000000e+04 3.876313661211048308e-04 2.364727655016023416e-04 1.162709611387300024e-06 7.911390501698711830e-01 4.067789284563894103e-01 2.159920267735125372e-03 2.396640096190463104e-04 1.285528542967193967e-04 7.911390501698711830e-01 4.194343672636914562e+03
2.900000000000000000e+04 3.223336679812537032e-04 2.065924744245051779e-04 3.627045825695647896e-07 4.519168559655182826e-01 4.568759185732286510e-02 1.917650143824559117e-02 2.119693708981051190e-04 5.816905347112933050e-05 4.519168559655182826e-01 4.195125256118099060e+03
3.000000000000000000e+04 2.785911980632016526e-04 2.434461819889583811e-04 3.065481514887597869e-07 4.295074857992633999e-01 2.579141875137686696e-02 9.511050684150348629e-04 2.448980955329170929e-04 6.150114859920616413e-04 4.295074857992633999e-01 4.195810557964302461e+03
3.100000000000000000e+04 3.788824393730946382e-04 2.736484655196722688e-04 3.005597770847383650e-07 5.020385926181600844e-01 6.323859238244525227e-02 3.304480614089890314e-03 2.747942127149739159e-04 7.939885985240796107e-04 5.020385926181600844e-01 4.113553293264354579e+03
3.200000000000000000e+04 3.197688705685836443e-04 2.169048907677965151e-04 4.037332912792178495e-07 4.611736237762111279e-01 4.301657202482703224e-02 1.941604218204459262e-03 2.165728440844793949e-04 1.687071219638521132e-04 4.611736237762111279e-01 4.114655615733438935e+03
3.300000000000000000e+04 2.432888470080920608e-04 1.773887377611041102e-04 7.853302164603772774e-07 7.088511477755430334e-01 2.464191370368178091e-01 2.738738025671150645e-03 1.786024646622188399e-04 2.452686694083204861e-05 7.088511477755430334e-01 4.117127192687796196e+03
3.400000000000000000e+04 2.000780750837309716e-04 1.701545952970089234e-04 1.511174670834116911e-07 4.471625996318193130e-01 4.080317686110415676e-02 1.835773170020336747e-03 1.713818911275173358e-04 2.754571137099467748e-05 4.471625996318193130e-01 4.114033410147381801e+03
3.500000000000000000e+04 1.821536065488689406e-04 1.592506122467162919e-04 1.469743927522747318e-06 3.942330824696590463e-01 1.068430609258005926e-01 2.638650237069457144e-03 1.606332852924417212e-04 3.947816672594458578e-04 3.942330824696590463e-01 4.114566554933293446e+03
3.600000000000000000e+04 1.909724804775718193e-04 1.555063751216290700e-04 4.419102141190325341e-08 5.552509609698454973e-01 2.939164583903755013e-01 2.345447658988497087e-03 1.570896175281357365e-04 7.599090676726382365e-05 5.552509609698454973e-01 4.111172997397308791e+03
3.700000000000000000e+04 2.049096736958778650e-04 1.484548620347388506e-04 1.289265619563128460e-07 4.558892868637310913e-01 1.275630851035200464e-01 3.455565821080937294e-02 1.549017598765136674e-04 3.881594615314176927e-04 4.558892868637310913e-01 4.115920584495694129e+03
3.800000000000000000e+04 3.697161406583320637e-04 1.985571401236701573e-04 5.885562298338502854e-08 3.995057010840341039e-01 9.165953120613942740e-02 1.933655082133995404e-03 1.999115344913597722e-04 2.905652744413782132e-04 3.995057010840341039e-01 4.114946381409687092e+03
3.900000000000000000e+04 2.293930728591367916e-04 1.918550756967523860e-04 3.380593490027637679e-08 3.224217419104474791e-01 8.028779290652007794e-02 8.486911657084683300e-03 1.943228374771775594e-04 1.275622400252915140e-03 3.224217419104474791e-01 4.113916965844562583e+03
4.000000000000000000e+04 1.830462281930401698e-04 1.623038313154247909e-04 2.333978688762670263e-07 5.195447200438051416e-01 2.091746895324816946e-01 2.031708882425312633e-03 1.639078209595098740e-04 1.676745585458557061e-04 5.195447200438051416e-01 4.111383929517268371e+03
4.100000000000000000e+04 2.994484019020813409e-04 2.163750242923650634e-04 5.186215108403982369e-07 3.934654002360474800e-01 1.269804859488875837e-01 7.836430749234081809e-04 2.153031197422421855e-04 2.255439531498648674e-04 3.934654002360474800e-01 4.051139230782435789e+03
4.200000000000000000e+04 3.163738678605775879e-03 1.825244591336121409e-04 2.731179783625573360e-07 2.972946021562982155e-01 3.992052708555361706e-02 2.833392221790443765e-03 1.775906795457823689e-04 1.479746139061480529e-03 2.972946021562982155e-01 4.052066879702926144e+03
4.300000000000000000e+04 1.586768008004606483e-04 1.238283992938119980e-04 2.965500178199859683e-07 3.124949451998645378e-01 6.254295609187715543e-02 2.632694872704546742e-04 1.176693251808936201e-04 1.343134299905988043e-05 3.124949451998645378e-01 4.051505557878092077e+03
4.400000000000000000e+04 2.154002998748499723e-04 1.173266219547702051e-04 4.912664082973801099e-07 3.656482784635605721e-01 9.353959252297792959e-02 3.152090067431710576e-03 1.122508698978684375e-04 8.073849245419004693e-04 3.656482784635605721e-01 4.053771868958053346e+03
4.500000000000000000e+04 2.206383257510538412e-04 1.107150498955697312e-04 4.078981954134476441e-07 3.954157291791715045e-01 1.581593174502066157e-01 1.214965556817281444e-03 1.049609222213617339e-04 6.814273128683242587e-05 3.954157291791715045e-01 4.055999537678330853e+03
4.600000000000000000e+04 2.402702550112377413e-04 1.049144269799917199e-04 2.563302066099842911e-07 4.831201798297887762e-01 1.984110096857651939e-01 8.028137763376544129e-04 9.793850710915692249e-05 1.393995265643878888e-04 4.831201798297887762e-01 4.053688889715582263e+03
4.700000000000000000e+04 8.046111096194772034e-05 9.470807014651013019e-05 1.308443960387643147e-07 2.440151780912462598e-01 1.350032400352053734e-02 4.755914027161838725e-03 8.797558256874854206e-05 1.406568927677047040e-06 2.440151780912462598e-01 4.052888007110891976e+03
4.800000000000000000e+04 9.662222128327307481e-05 8.976811681808577492e-05 2.474998225945495274e-07 2.379450554532412387e-01 2.123217849206160759e-02 6.686601047037430724e-03 8.222872304316699167e-05 6.032631469083321119e-06 2.379450554532412387e-01 4.051589762795435490e+03
4.900000000000000000e+04 2.547487492994360368e-04 8.685132324040889854e-05 2.016257635690493451e-06 5.254020964387856596e-01 2.604298743986420694e-01 3.981909795181582962e-04 7.917225627145489685e-05 6.635273921598057326e-05 5.254020964387856596e-01 4.054176618675493955e+03
5.000000000000000000e+04 5.753246922061142554e-04 8.276907585200992822e-05 7.023851913500480161e-07 2.408383950181081090e-01 1.809500809872408023e-02 2.439164974082232498e-02 1.437198587869073887e-04 8.979672589693956167e-03 2.408383950181081090e-01 4.054045920918892079e+03
5.100000000000000000e+04 1.082504208217665009e-04 1.339292703686728418e-04 7.020342371506247036e-08 2.161498581017470832e-01 1.592864595765451641e-02 2.232846730041923924e-02 1.325919743844216367e-04 1.089282517791107744e-03 2.161498581017470832e-01 4.088279507445089621e+03
5.200000000000000000e+04 1.007962538925066164e-04 1.297027399276441250e-04 3.279641418014823937e-07 2.076002345386821768e-01 1.174288305164447946e-02 2.640178640846862698e-02 1.327484744835321869e-04 5.307225647549096859e-04 2.076002345386821768e-01 4.088272387513347439e+03
5.300000000000000000e+04 9.981105634965678985e-05 1.291592896391260254e-04 5.566513955825314143e-08 2.135047635487245521e-01 1.891534065062146219e-02 3.296138904740210374e-02 1.406932648755740325e-04 2.433045107675442672e-04 2.135047635487245521e-01 4.088112796778377287e+03
5.400000000000000000e+04 9.394133835330209612e-05 1.236888862803715470e-04 1.767136420255487984e-08 2.127420468890873495e-01 2.200147631316072550e-02 3.803072788079945449e-02 1.374707640652506275e-04 3.300180991701322404e-04 2.127420468890873495e-01 4.087877108239965764e+03
5.500000000000000000e+04 8.106381015286109036e-05 1.191263699109677669e-04 2.696669270478736290e-08 2.065073748722357494e-01 1.610829112490454185e-02 2.437003761560417592e-02 1.324109699372642824e-04 1.408438789624915254e-05 2.065073748722357494e-01 4.087844571757343601e+03
5.600000000000000000e+04 8.565944036762729286e-05 1.142305037505379290e-04 1.111353403940216728e-07 3.072645192791343960e-01 9.501594277483202400e-02 3.347615823162965274e-03 1.150021339186880364e-04 3.293633760136526118e-04 3.072645192791343960e-01 4.087805759776618743e+03
5.700000000000000000e+04 5.258594144403026273e-05 1.007828792928612582e-04 2.709350273103123491e-07 1.802074599281780487e-01 6.637418171252070648e-03 2.088073740679711465e-01 1.469956476337659222e-04 2.226440687483297386e-06 1.802074599281780487e-01 4.087936452352280867e+03
5.800000000000000000e+04 4.069367158920324712e-05 8.450684326727587938e-05 3.087004168938144496e-07 2.273107653566201203e-01 4.199781073488227656e-02 2.278444635563454251e-02 3.128456056039191895e-04 3.438205773535825405e-02 2.273107653566201203e-01 4.087384727790519719e+03
5.900000000000000000e+04 3.748597046089442941e-05 8.113007275258019599e-05 1.800318943293507286e-07 1.679354401600308688e-01 5.011781060934080573e-03 1.017558962565570657e-02 1.544703663342062458e-04 3.295751222713929495e-06 1.679354401600308688e-01 4.087661300882189607e+03
6.000000000000000000e+04 1.571417988737628313e-03 3.186768080727218509e-04 6.959364329002064546e-06 3.461092974544537348e-01 6.663385979327431097e-02 4.434336235595813785e-04 3.031767543677314747e-04 7.161239822380662506e-06 3.461092974544537348e-01 4.089448035588299717e+03
6.100000000000000000e+04 1.427814922055018615e-03 1.809836150915927972e-04 1.052136706895831375e-06 1.795079126246810486e-01 1.829568594283606867e-02 2.158852369200610789e-03 1.882530377529047130e-04 2.491951905053191091e-04 1.795079126246810486e-01 4.061897318101251585e+03
6.200000000000000000e+04 3.425480653935127897e-04 2.314451299944748919e-04 2.278521032626452739e-07 1.662833922554155519e-01 1.085035600974018112e-02 2.589747404729278620e-03 2.417565819300363926e-04 1.603428585646179166e-05 1.662833922554155519e-01 4.061634036377570737e+03
6.300000000000000000e+04 1.581803974109021805e-04 1.929115431070639705e-04 1.621082693511996724e-06 1.619318166449259522e-01 8.711829928449654759e-03 2.959301318006729142e-03 2.070750356277383409e-04 3.663256602096822529e-04 1.619318166449259522e-01 4.061581629501642965e+03
6.400000000000000000e+04 1.953809393701386578e-04 1.427449353434664578e-04 7.507429263630650399e-07 1.594945674935423496e-01 7.405544998243537326e-03 2.203114757609328078e-03 1.563094050212804949e-04 1.266308248046872761e-04 1.594945674935423496e-01 4.061563084199673995e+03
6.500000000000000000e+04 9.977454092394547113e-05 1.392944792470341320e-04 8.591106249061406353e-08 1.521546855078730054e-01 6.279828240381781640e-03 3.077802137465290161e-03 1.528239576991282907e-04 3.063504717912175768e-04 1.521546855078730054e-01 4.061403526651475204e+03
6.600000000000000000e+04 4.127433018551560258e-04 1.444345527933536062e-04 3.717032900820729256e-06 1.509424149775940582e-01 6.479382284394206645e-03 1.674194500441778671e-03 1.536299876222649372e-04 3.125506641807035261e-04 1.509424149775940582e-01 4.061495216702797279e+03
6.700000000000000000e+04 1.855876443504164393e-03 1.811910114661493534e-04 2.444719667622721629e-06 1.564256919736337903e-01 7.246997717177112650e-03 2.485154741799168107e-02 1.886756303127559199e-04 3.201838066017597025e-04 1.564256919736337903e-01 4.061081510421321582e+03
6.800000000000000000e+04 1.101866326454592997e-04 1.192334505275149004e-04 1.457733136339531845e-06 1.439033729479567703e-01 4.955673815584061073e-03 1.115037177228691938e-02 1.268838609468773732e-04 1.641540633752291512e-04 1.439033729479567703e-01 4.061506974670431646e+03
6.900000000000000000e+04 7.869474546579196292e-05 9.525327482413610894e-05 1.782146636006552256e-06 1.401272575801493780e-01 4.595973402808522373e-03 1.085444856065447992e-03 9.788476669210983722e-05 3.300871508705882250e-04 1.401272575801493780e-01 4.061374953454854221e+03
7.000000000000000000e+04 3.341222685949928831e-04 9.220292166601440538e-05 1.882367124166134802e-07 5.508378165357589173e-01 3.241131641287618437e-01 3.548863509693281262e-03 9.496427032757005597e-05 1.604161071477274347e-05 5.508378165357589173e-01 4.061141073515323114e+03
7.100000000000000000e+04 1.148540333709422757e-04 9.912823877106339025e-05 3.077215236932521515e-05 1.447568680541692077e-01 1.087144549589881895e-02 8.910263703539094901e-03 1.051454453150133905e-04 2.433615640388080809e-04 1.447568680541692077e-01 4.026959100397430575e+03
7.200000000000000000e+04 1.722783980981925603e-04 1.019317269780439360e-04 3.731121757384458376e-05 1.417625073970920080e-01 8.695333644039349164e-03 3.639285516596685375e-04 1.038220207071337579e-04 2.701726682065728994e-05 1.417625073970920080e-01 4.026691564185673087e+03
7.300000000000000000e+04 1.244845611070199715e-03 1.010717351157797129e-04 1.150594192666477440e-05 1.477568986653846339e-01 1.687994126357591010e-02 2.295058501909283226e-03 1.030064427682845975e-04 3.550631596515551718e-05 1.477568986653846339e-01 4.026490896837259243e+03
7.400000000000000000e+04 8.347651512768616507e-05 1.245551717269651295e-04 3.276401497874763126e-07 1.291374855873517746e-01 5.278431896466501821e-03 1.266367791491668747e-02 1.265007040829279315e-04 1.000768681270141318e-04 1.291374855873517746e-01 4.026915162822850107e+03
7.500000000000000000e+04 6.454407709075037948e-05 1.251660675034431164e-04 1.552701584325054693e-08 1.260563722438593215e-01 4.591077790985771505e-03 3.806176369779860208e-02 1.253675302898374941e-04 1.438162007457708161e-04 1.260563722438593215e-01 4.026940221493201079e+03
7.600000000000000000e+04 6.134110212956387406e-05 1.281902661386096626e-04 2.008241513060905002e-08 1.240288507480928337e-01 4.177377698815027893e-03 8.229516480424331482e-02 1.316419554179052679e-04 8.522085041944987838e-03 1.240288507480928337e-01 4.026969114278940197e+03
7.700000000000000000e+04 7.854146940921644528e-05 1.222494667102188399e-04 4.445662689942357505e-08 1.214238583247582715e-01 3.848577769019679694e-03 3.947749721244881577e-02 1.301708615496413438e-04 3.127601595616932655e-04 1.214238583247582715e-01 4.027053738341504868e+03
7.800000000000000000e+04 6.942666005902303230e-05 1.204578033582573611e-04 1.914278096586860334e-08 1.178118989844827436e-01 3.430811946711854066e-03 1.458773999529335832e-03 1.221116335402682037e-04 6.905710132445547168e-05 1.178118989844827436e-01 4.027001545030987927e+03
7.900000000000000000e+04 5.815805665157226237e-04 1.123709337592841511e-04 4.736616278849403439e-06 1.196360912140960187e-01 3.411989482645682789e-03 7.596272557499743339e-02 1.146736265437883594e-04 4.290518722627138223e-05 1.196360912140960187e-01 4.027020136876135439e+03
8.000000000000000000e+04 5.957992804076916874e-04 1.089511799007773340e-04 1.192312205086965726e-04 1.197663929373264657e-01 7.366366072835566631e-03 3.798102217583487761e-02 1.093962872034069114e-04 9.337520034908833235e-05 1.197663929373264657e-01 4.027181324103279621e+03
8.100000000000000000e+04 6.599629157728379813e-05 1.259325256392490459e-04 2.135037339015625608e-07 1.162625255732121499e-01 1.043555858388950895e-02 1.313564004574678014e-02 1.224594368190049052e-04 1.036280306865610171e-04 1.162625255732121499e-01 4.287434213457181613e+03
8.200000000000000000e+04 9.559596870725050504e-05 1.238192026540491423e-04 1.738194292561257538e-08 1.231554599582951742e-01 1.473267221562218031e-02 7.190866526751001075e-03 1.172571545521974211e-04 3.107958544114114083e-06 1.231554599582951742e-01 4.288022318973744405e+03
8.300000000000000000e+04 4.627444101176151747e-05 1.174053482679087253e-04 5.980168493359358863e-09 1.114394410651452783e-01 6.325304238940079003e-03 6.975761834037707415e-03 1.098537891677232013e-04 3.802824899976977057e-07 1.114394410651452783e-01 4.287611735513095482e+03
8.400000000000000000e+04 7.844486944197006241e-05 1.137970024283363625e-04 4.491418474952844505e-07 1.083074231212711319e-01 5.222671095528898071e-03 1.965041321855529738e-02 1.070532232229053088e-04 3.936023652182010356e-05 1.083074231212711319e-01 4.287676439061278870e+03
8.500000000000000000e+04 9.500042608991041669e-05 1.116783548004504639e-04 1.106814628490320959e-07 1.103567126445064855e-01 5.253266602710901512e-03 3.754795284017469707e-03 1.043102382472370929e-04 7.121494501487211427e-05 1.103567126445064855e-01 4.287748184699225931e+03
8.600000000000000000e+04 7.409056473721390584e-05 8.698081768136486198e-05 3.207087196606758585e-09 1.045690602206664072e-01 4.060608659048857427e-03 5.487115929888874977e-03 8.238677853267952031e-05 4.902797808260457883e-04 1.045690602206664072e-01 4.287705687199131717e+03
8.700000000000000000e+04 8.214854090792335405e-04 9.419764106800875610e-05 1.326856785513231022e-05 7.239943946781096651e-01 4.963529691339744754e-01 8.330670109115223890e-03 9.024455393499806219e-05 9.659712527822888681e-03 7.239943946781096651e-01 4.289684135107178918e+03
8.800000000000000000e+04 5.971360546983976091e-05 9.314390680482079350e-05 5.451378468969204264e-08 1.011403651248241053e-01 3.326238046192113527e-03 5.654561607686727984e-03 8.954356527180480760e-05 7.929422525367813696e-03 1.011403651248241053e-01 4.287743471142004637e+03
8.900000000000000000e+04 3.313684433769436286e-04 1.051086438720086721e-04 1.027817443532078347e-06 1.039850473242374951e-01 3.727206672266732568e-03 3.388950115001224637e-03 1.009482249670308132e-04 3.579216284327717268e-03 1.039850473242374951e-01 4.287480515674280468e+03
9.000000000000000000e+04 9.519067863343529676e-05 1.376049672166781068e-04 2.126897747963873532e-08 9.951225787596820749e-02 3.050864285179520109e-03 1.178776520524107627e-03 1.319986080968136048e-04 2.220407374561435016e-03 9.951225787596820749e-02 4.287844912179754829e+03
9.100000000000000000e+04 2.794580154275093744e-04 1.699848593227903113e-04 3.653585263196018204e-07 1.769724926494015416e-01 7.613796459022800778e-02 1.174012259387207865e-02 1.710058286676142709e-04 3.166256034810223277e-04 1.769724926494015416e-01 3.963542130815518249e+03
9.200000000000000000e+04 2.801939478668033089e-04 1.570142365250532847e-04 8.386435254860129198e-07 2.063543212154013429e-01 9.632010194390544511e-02 1.374758058555758562e-02 1.564198072774503263e-04 2.276991715693481820e-03 2.063543212154013429e-01 3.963554534907951165e+03
9.300000000000000000e+04 7.580208152022523647e-04 1.770534185085608555e-04 2.533674976560823109e-07 1.015176036518318919e-01 5.587651893656652921e-03 3.141554994825593609e-04 1.742946233818345374e-04 9.720292823105900122e-05 1.015176036518318919e-01 3.963900231791718852e+03
9.400000000000000000e+04 6.097844865940500888e-05 1.750976215169249288e-04 2.559446487975826611e-07 1.078465756434941608e-01 1.359231965219799207e-02 7.024610298536503386e-03 1.737113642311565787e-04 2.515914909034864047e-03 1.078465756434941608e-01 3.964092902848138692e+03
9.500000000000000000e+04 7.620639746263562083e-05 1.716224017720592164e-04 1.039493018343986368e-07 1.142673843225164437e-01 1.663327211443647868e-02 1.146465265117514037e-02 1.702760556350211608e-04 5.292123535274047448e-03 1.142673843225164437e-01 3.963714858358728634e+03
9.600000000000000000e+04 3.036002755919382204e-04 1.551022614899043891e-04 1.529456760519770000e-07 1.467218442371311937e-01 5.220162819963122813e-02 7.689771943734238302e-04 1.547266878232211992e-04 8.792278654056173896e-06 1.467218442371311937e-01 3.964128054369068195e+03
9.700000000000000000e+04 5.616232331044504147e-05 1.532165195357830653e-04 1.287066011041812120e-07 9.395267811477119035e-02 5.442981955215514707e-03 8.671278421623256419e-04 1.521740976493738404e-04 1.432464407509199195e-05 9.395267811477119035e-02 3.963853093415488274e+03
9.800000000000000000e+04 6.995215607669064476e-05 1.787279353344257678e-04 8.811840464481794451e-08 1.047788596587981014e-01 1.276582523602806836e-02 1.778423267685535960e-03 1.789508589625035141e-04 3.395483451382435013e-05 1.047788596587981014e-01 3.963697157275303653e+03
9.900000000000000000e+04 4.813298740362766353e-04 1.665780943552297010e-04 1.393360118694678437e-07 8.983461825129500367e-02 3.200066125624129697e-03 3.406993617397494328e-03 1.667472175067728952e-04 2.008158079374989342e-04 8.983461825129500367e-02 3.963870942950952667e+03
1.000000000000000000e+05 1.983239105430248546e-04 1.636640700153277339e-04 6.189232627888276624e-08 1.475993549057103282e-01 5.256929796517176984e-02 1.934004051584255115e-03 1.636118574750387573e-04 4.849713074343034946e-04 1.475993549057103282e-01 3.964133506065724760e+03
1.010000000000000000e+05 6.472477837420043383e-05 1.583142307995928188e-04 1.151944085293271049e-07 8.576701498616687291e-02 4.594346652775269622e-03 1.175253077189432815e-03 1.622864162788207785e-04 3.004417262250787360e-05 8.576701498616687291e-02 4.311051034463310316e+03
1.020000000000000000e+05 1.271594942243795001e-04 1.557646076931132459e-04 8.575777895521497944e-06 1.012386856546206026e-01 1.617987467970142743e-02 7.798540201569195002e-04 1.585013788680452189e-04 2.750843874849242848e-04 1.012386856546206026e-01 4.310376462094613089e+03
1.030000000000000000e+05 1.056068518571635760e-04 1.540667507750985421e-04 4.194555333738510317e-09 8.390999103441926232e-02 3.430348361347680675e-03 9.274028117019735614e-04 1.574708304451752946e-04 3.344566013663090152e-05 8.390999103441926232e-02 4.310620486911124317e+03
1.040000000000000000e+05 6.857678374906960646e-05 1.592307419320661635e-04 2.520547734156855679e-08 7.949326326263450593e-02 2.273119420246572445e-03 6.459811160698577257e-04 1.615019312260262876e-04 3.788771431133098971e-05 7.949326326263450593e-02 4.310742475427413410e+03
1.050000000000000000e+05 5.881801167986005997e-05 1.544216130759990294e-04 4.258976678819521249e-09 7.814098287534622378e-02 2.001217612757821493e-03 1.061420704426445328e-03 1.562084874741055077e-04 2.050856998530795473e-04 7.814098287534622378e-02 4.310723176213014995e+03
1.060000000000000000e+05 5.008116233350794753e-05 1.509955955930415879e-04 1.485392335915238100e-08 7.694522797558119021e-02 1.873215408965902499e-03 1.986415137262966240e-03 1.539830885438097415e-04 1.640303512431725544e-04 7.694522797558119021e-02 4.310721111725705669e+03
1.070000000000000000e+05 4.735766148496099807e-05 1.608591356127764195e-04 9.617768218369190986e-09 7.564470356878583157e-02 1.731222150752253922e-03 1.092238629359006900e-03 1.649183820110391302e-04 1.278296707240874480e-04 7.564470356878583157e-02 4.310693628639910457e+03
1.080000000000000000e+05 5.254149769256081257e-05 1.641108372258234447e-04 1.086198981022573410e-07 7.444393322875644814e-02 1.648267937950654346e-03 3.993059622220815536e-04 1.661708480484779481e-04 1.210989950637598089e-04 7.444393322875644814e-02 4.310674115130322207e+03
1.090000000000000000e+05 7.063214767887044266e-04 1.498055422903242788e-04 1.221632320423135957e-05 9.394743445313670227e-01 4.924156878140097393e-01 4.950522863678909376e-03 1.540970989548544952e-04 6.110540629722828866e-05 9.394743445313670227e-01 4.312513424860593659e+03
1.100000000000000000e+05 7.638451094656136594e-05 1.378428044460564255e-04 1.183454228700163268e-07 3.356187952799223884e-01 1.525176742945495989e-01 1.957361880616601685e-03 1.417564518395319519e-04 1.008033487357591766e-05 3.356187952799223884e-01 4.312145688593725936e+03
1.110000000000000000e+05 1.560806572705037939e-04 1.421056944894698206e-04 1.523541387731139992e-06 7.776816354638141360e-02 3.493064205193575390e-03 1.581756332094616871e-02 1.477327242837796542e-04 1.531206053588166473e-03 7.776816354638141360e-02 4.138074698724560221e+03
1.120000000000000000e+05 1.080101849813589295e-04 1.383319875935825705e-04 8.194641587889975873e-07 7.363285087648727134e-02 2.451616527362035329e-03 1.488408771118628939e-02 1.383812203482536157e-04 1.435043623231967332e-03 7.363285087648727134e-02 4.137939218439497381e+03
1.130000000000000000e+05 6.917883336598565640e-05 1.339954978194595446e-04 4.899396823501806420e-08 7.241170840975565126e-02 2.591928545219075904e-03 3.447575569664313583e-02 1.330028316392350550e-04 3.676392043726547671e-03 7.241170840975565126e-02 4.137986588777846919e+03
1.140000000000000000e+05 1.060539359754705726e-03 1.085345358886979743e-04 1.507212280054500873e-04 7.758806998549876155e-02 3.037494683216599139e-03 1.933344892051190112e-03 1.075439614577553536e-04 1.630190427958940044e-04 7.758806998549876155e-02 4.137938096451936872e+03
1.150000000000000000e+05 5.745730608188245073e-05 9.317644505227188137e-05 3.497353368683620600e-08 7.298248093338029208e-02 3.256491176178660015e-03 1.143407422595510009e-01 9.212436361239384388e-05 1.986914910347288912e-02 7.298248093338029208e-02 4.137946820791610662e+03
1.160000000000000000e+05 3.473447234361246857e-05 8.089759596016844355e-05 2.960617070831702878e-06 9.900335510942571970e-02 1.846556850366784519e-02 4.224624786368479622e-03 7.975414576844447052e-05 3.470809668053841677e-04 9.900335510942571970e-02 4.138175612460593584e+03
1.170000000000000000e+05 1.002616270215361165e-03 7.558136130476526089e-05 1.756631445627101347e-07 3.446369794133908315e-01 1.342095657979657242e-01 1.401417042098944193e-03 7.420244589163426264e-05 3.997883314946409428e-05 3.446369794133908315e-01 4.140977717805517386e+03
1.180000000000000000e+05 3.719771204092457316e-04 7.184980942417670097e-05 3.252678623490961857e-07 2.424570600881826576e-01 1.027430306919413505e-01 1.106105940912693736e-01 7.125540600500304949e-05 9.168094130974219214e-05 2.424570600881826576e-01 4.137447731993335765e+03
1.190000000000000000e+05 4.720887592452836383e-05 1.454704651277853556e-04 5.166641399664753012e-08 1.240983605100929449e-01 3.888507152472402140e-02 5.831090469382633383e-04 1.451581078378191543e-04 3.843550513207881839e-05 1.240983605100929449e-01 4.137672643379599322e+03
1.200000000000000000e+05 3.121596966707495223e-05 1.199392132263583954e-04 1.299021438609705403e-08 6.498795816747551801e-02 1.259007505492387019e-03 5.277927220107495997e-04 1.192655814664453096e-04 2.326192788609812527e-04 6.498795816747551801e-02 4.138087214663353734e+03
1.210000000000000000e+05 7.083364247065404736e-05 9.630582934403269222e-05 2.460082960315451250e-07 7.730034592875321964e-02 1.071611725965248077e-02 1.295259286970979308e-03 1.003193180731616673e-04 3.237379346970162860e-04 7.730034592875321964e-02 4.166196387688167306e+03
1.220000000000000000e+05 3.732569791567350140e-05 8.389149574027143840e-05 5.360949141253733860e-07 6.458268024247537653e-02 2.353006773301071115e-03 8.905607452901002355e-04 8.831848433277199870e-05 1.073516957485664484e-04 6.458268024247537653e-02 4.166210473151892074e+03
1.230000000000000000e+05 2.710339828214955254e-04 7.540581944435327500e-05 4.483896950129865943e-06 1.091728665204116100e-01 2.660441989099506660e-02 1.017531663317048328e-02 9.009055216190205682e-05 1.691897424129513018e-05 1.091728665204116100e-01 4.166838416137835338e+03
1.240000000000000000e+05 3.051475901210188411e-05 6.772559530805162618e-05 5.918129064296340731e-07 7.491424730062092030e-02 8.591483574954907054e-03 1.160415828148037704e-03 7.096043070798259682e-05 8.097975063453021253e-05 7.491424730062092030e-02 4.166413366741595382e+03
1.250000000000000000e+05 1.659435560853800547e-05 6.362680493881893125e-05 1.315827220679244837e-08 6.081119557248674395e-02 1.333031137849216563e-03 3.066211708140587078e-02 6.726215147946107583e-05 9.574544787258668619e-05 6.081119557248674395e-02 4.166374171611724705e+03
1.260000000000000000e+05 2.994005123097502998e-05 5.895163823197142156e-05 1.663179092686941122e-08 5.988938402217302420e-02 1.241778066402539522e-03 1.889590360370097932e-04 6.162799204838102264e-05 3.487792522672090642e-06 5.988938402217302420e-02 4.166376881276557469e+03
1.270000000000000000e+05 3.303432599654631559e-05 5.276252343842047031e-05 9.572012407630169005e-09 5.961146205216589361e-02 1.265616312794452455e-03 1.475284303107104187e-04 5.490821027310339650e-05 9.969136342449084047e-07 5.961146205216589361e-02 4.166360175919523499e+03
1.280000000000000000e+05 2.118066145319813303e-05 4.966523858425821153e-05 4.127194022334146661e-08 5.845704756127804991e-02 1.015961744956260645e-03 1.509315369038684816e-03 5.179220583436407426e-05 1.193917338721949090e-05 5.845704756127804991e-02 4.166400532799627399e+03
1.290000000000000000e+05 2.699214130531476814e-04 4.863198636657796984e-05 8.937355452711182996e-07 9.167716261654054177e-01 5.848940147754395635e-01 2.039038390163264852e-02 5.361559667744406733e-05 9.118011058935194049e-03 9.167716261654054177e-01 4.161046147404723342e+03
1.300000000000000000e+05 2.289040679709413779e-05 4.996118666444663393e-05 4.616512212856014475e-07 5.749711040075528024e-02 9.776170449517012848e-04 2.920537916675280780e-03 5.228216003114196205e-05 9.323580898909344516e-05 5.749711040075528024e-02 4.166360331163806222e+03
1.310000000000000000e+05 6.795226699620271027e-05 9.963593958347679506e-05 1.325331641759185480e-08 6.305746422935409878e-02 3.645091815858319748e-03 8.040252318540733623e-04 1.034492264444061865e-04 3.651685290274156356e-05 6.305746422935409878e-02 4.416543372102291869e+03
1.320000000000000000e+05 4.593588871645330009e-05 9.165608272058665149e-05 1.195948259110443491e-08 6.557006626833494778e-02 6.315748457569163483e-03 2.391612560064125710e-03 1.039697658272385592e-04 6.015192673772527696e-05 6.557006626833494778e-02 4.416523496028192312e+03
1.330000000000000000e+05 3.831892953873834105e-05 9.073537360581518049e-05 6.542326535978203341e-08 6.173214917336027063e-02 3.016386962850865251e-03 1.667857140611238114e-04 9.200041510677948932e-05 3.870757093490024187e-05 6.173214917336027063e-02 4.416438445752595726e+03
1.340000000000000000e+05 5.026525923121293954e-05 8.347916856387483156e-05 1.130187935479247897e-08 6.067966926164771596e-02 2.043747803605290222e-03 3.996507124140000634e-04 8.417594921925763843e-05 5.006379188789756597e-05 6.067966926164771596e-02 4.416541055369366404e+03
1.350000000000000000e+05 2.701286974104210049e-05 7.831240883871653494e-05 1.700368465548097301e-07 6.134879346704242425e-02 2.833961826290036685e-03 3.021065535536520373e-04 7.908632970923484373e-05 4.070948007213339261e-05 6.134879346704242425e-02 4.416616333982557990e+03
1.360000000000000000e+05 4.056807701985349138e-03 9.346573798904499685e-05 5.819133728378213617e-07 1.924833297889374517e-01 6.323960814786556972e-02 4.189419328832074199e-03 9.274653239662404287e-05 2.725396745138434888e-05 1.924833297889374517e-01 4.419484638005270426e+03
1.370000000000000000e+05 3.425325077278066629e-05 6.053076107778458041e-05 8.208840844893895054e-07 5.928963265103119606e-02 1.582010065853068021e-03 6.390542703942404291e-04 6.775027280760577691e-05 6.633339109372338204e-05 5.928963265103119606e-02 4.416514348736509419e+03
1.380000000000000000e+05 4.956534830152593656e-03 5.877018532756719783e-05 1.062686648871245576e-05 3.928401710103369915e+00 3.552099223144604245e+00 5.824500359774854689e-03 5.800807660382883469e-05 7.602406040487836745e-05 3.928401710103369915e+00 4.412247854355141499e+03
1.390000000000000000e+05 3.911502468647103488e-05 5.418804988620592149e-05 1.761191995746961028e-07 6.706501666328279487e-02 1.299630901412575368e-02 1.592012923882684186e-02 5.431816981939609820e-05 7.469402356557719100e-03 6.706501666328279487e-02 4.416433410064290911e+03
1.400000000000000000e+05 3.165344550987882194e-05 4.845575701136069745e-05 1.595039500373270288e-08 5.768234879284269562e-02 1.344082613749082722e-03 3.721640114656755462e-04 4.964266252138450447e-05 8.720734984034222222e-05 5.768234879284269562e-02 4.416550052029590006e+03
1.410000000000000000e+05 1.400973230021626927e-04 9.612335144402819084e-05 1.075855742207336340e-07 7.786324198135340102e-02 1.793258651689420835e-02 7.397232512193944272e-04 9.461338981010880350e-05 3.091779996449948190e-06 7.786324198135340102e-02 4.034967666645918598e+03
1.420000000000000000e+05 4.708293895769393941e-05 8.146310873885853686e-05 2.964797335087008647e-06 6.049919613478332153e-02 3.409388717195719221e-03 2.826245963423420268e-03 8.104690887463727675e-05 1.440866099982945477e-05 6.049919613478332153e-02 4.034655837935593809e+03
1.430000000000000000e+05 4.750077350367169993e-05 7.345519994786331387e-05 4.671047355074262352e-08 6.154311749786701286e-02 2.992765191315422367e-03 2.595872105353762109e-03 7.731530771524166190e-05 5.256493255084097177e-05 6.154311749786701286e-02 4.034522015147417733e+03
1.440000000000000000e+05 5.359246696224760804e-05 8.993740853758408222e-05 1.870013077525635711e-07 5.807923322033830410e-02 2.250318268492436033e-03 6.981966866630043376e-04 9.243862503548883188e-05 4.922649986919148940e-05 5.807923322033830410e-02 4.034811954332827099e+03
1.450000000000000000e+05 9.690652888715028555e-05 1.327342255300956772e-04 6.154982373316990646e-08 6.025309249979881460e-02 2.210563660368793960e-03 8.268463858548104339e-03 1.432248760734324499e-04 4.182738530157771389e-04 6.025309249979881460e-02 4.034530567786790471e+03
1.460000000000000000e+05 1.655335745759861166e-04 1.251097917117429423e-04 1.375383807818167564e-07 7.300507493816930926e-02 4.116140352967071273e-03 5.591354532994277822e-03 1.265094523341082845e-04 6.979247943055129966e-06 7.300507493816930926e-02 4.034307997257966690e+03
1.470000000000000000e+05 9.826994276202930889e-05 1.180777165669847864e-04 9.518892928916000507e-09 5.702862441659067166e-02 1.785787783121176031e-03 4.708125597417828385e-03 1.194817807116703640e-04 1.979840186006051332e-05 5.702862441659067166e-02 4.034668318209905010e+03
1.480000000000000000e+05 7.006810202702947832e-05 1.023149985057391747e-04 1.895836574405869787e-07 5.726045808235143142e-02 1.690856274405838026e-03 2.773506857312082997e-04 1.020061788184426096e-04 1.309488996888774962e-04 5.726045808235143142e-02 4.034687049254883732e+03
1.490000000000000000e+05 6.841200504235889993e-04 1.328614136904709454e-04 1.026445789493144919e-06 8.252411812671295310e-02 5.487088156994659668e-03 1.478195390339400589e-02 1.964270626386781205e-04 9.369381018457132934e-04 8.252411812671295310e-02 4.033861883104629669e+03
1.500000000000000000e+05 5.148235192105104965e-05 8.624089798821224647e-05 3.625314856247544467e-06 5.675531572135188163e-02 1.569941602869068297e-03 2.278716432083101415e-04 8.971380428400728673e-05 4.442606855575967942e-05 5.675531572135188163e-02 4.034571697288172345e+03
1.510000000000000000e+05 3.676610280312464616e-04 6.560562151119470216e-05 1.600759099747944184e-07 2.408814595381420509e-01 1.960410104434719414e-01 6.159970580897201724e-04 6.299204138911103357e-05 1.227708328997139254e-04 2.408814595381420509e-01 4.304366740612756985e+03
1.520000000000000000e+05 8.042253118316640523e-05 6.162115853012537251e-05 2.474054956515566754e-07 7.822251523979825705e-02 6.474755079407101127e-03 1.048651997334133085e-03 7.804731812490206544e-05 3.844955677021613059e-05 7.822251523979825705e-02 4.303489087618263511e+03
1.530000000000000000e+05 2.481445549237595600e-04 6.165934998711524427e-05 3.583944161271805146e-07 7.871392431138754531e-02 1.673287576944371829e-02 3.176538506282308195e-04 5.942876115870700742e-05 4.541040332562514323e-05 7.871392431138754531e-02 4.303129127997377509e+03
1.540000000000000000e+05 5.269142768568931413e-05 5.747071321791937226e-05 3.532231748554196406e-07 5.463264786205192930e-02 1.856349543785516375e-03 1.289733590913720888e-04 5.562387608187382065e-05 2.128287203461895065e-05 5.463264786205192930e-02 4.303437242676825917e+03
1.550000000000000000e+05 5.299972558388771029e-05 5.472719733389993233e-05 1.588442019778903301e-07 5.383627712273770377e-02 1.674759234640728995e-03 1.135502733510609387e-04 5.312219182014904961e-05 3.066089811865392465e-05 5.383627712273770377e-02 4.303392182947874062e+03
1.560000000000000000e+05 2.392255412593035995e-04 1.361644996732318876e-04 3.528509236944315757e-06 7.258390864006807053e-02 1.172636023558516587e-02 2.931629829589585227e-03 1.205046586512376327e-04 3.588936601594371739e-05 7.258390864006807053e-02 4.303047404104102498e+03
1.570000000000000000e+05 4.661399075089533647e-03 8.981721745581255011e-05 1.005135886786817023e-06 3.066839012811920506e-01 1.677137668350978661e-01 8.941943417771679170e-03 8.655749601274246717e-05 7.994966492460731100e-02 3.066839012811920506e-01 4.301697737022725050e+03
1.580000000000000000e+05 2.053763121618049298e-04 8.201786341572453454e-05 7.454906890048941336e-06 7.298265462164003903e-02 4.350755178046131211e-03 7.961894989685554605e-03 8.125885503128135951e-05 9.532956468259896898e-02 7.298265462164003903e-02 4.303239826076809550e+03
1.590000000000000000e+05 6.726454152838685539e-05 6.734311124404939515e-05 7.276399049052020269e-06 5.610956306047983067e-02 1.733103155096381645e-03 1.224920993065913878e-02 6.400810239465877950e-05 1.136238462777979380e-01 5.610956306047983067e-02 4.303330028770724311e+03
1.600000000000000000e+05 2.821726711079253436e-05 6.988748931552854254e-05 7.826971826143586703e-08 5.191801027168885252e-02 1.280845187771045748e-03 4.316207213679986582e-02 9.867451130936528774e-05 1.024236113701137291e-01 5.191801027168885252e-02 4.303402401980161812e+03
1.610000000000000000e+05 5.930394130384346297e-05 7.330638826820963581e-05 3.571045199486181605e-07 4.987882858180812951e-02 3.783289477847833360e-03 1.999412708391586600e-03 7.011821457091995985e-05 4.152844716562407328e-04 4.987882858180812951e-02 3.962442829066652848e+03
1.620000000000000000e+05 3.517116915226467701e-05 7.085077940786713190e-05 2.518780474189655367e-07 4.886449434169025385e-02 3.355055569512263754e-03 2.339849767593908322e-03 6.787568601880775642e-05 7.541367195072921567e-04 4.886449434169025385e-02 3.962661837694746282e+03
1.630000000000000000e+05 3.026257505159661576e-03 6.971503618749270558e-05 1.084977142211991886e-06 1.900136142034590248e-01 1.172747717869740136e-01 5.411239691911208863e-03 6.625760759213621673e-05 2.916077777979107560e-04 1.900136142034590248e-01 3.961412962685085404e+03
1.640000000000000000e+05 1.861773231189126109e-04 6.545074696447405777e-05 3.201112175627177556e-07 1.023205898197070141e-01 4.107581781048501302e-02 2.122940658990198591e-03 6.319490017096618753e-05 2.848514636737159325e-04 1.023205898197070141e-01 3.962415622420865020e+03
1.650000000000000000e+05 4.281264422238467617e-05 6.300582191621597922e-05 8.163109742540382782e-08 4.906746864419544996e-02 3.837009914494292524e-03 1.036704596254756560e-03 6.037674375016642721e-05 1.064309884871935969e-04 4.906746864419544996e-02 3.962704005405795670e+03
