# step, loss_train, loss_test, metrics_test
0.000000000000000000e+00 0.000000000000000000e+00 0.000000000000000000e+00 0.000000000000000000e+00 3.620881190661670644e+03 3.620881190661670644e+03 0.000000000000000000e+00 0.000000000000000000e+00 0.000000000000000000e+00 3.620881190661670644e+03 3.620881190661670644e+03
1.000000000000000000e+03 0.000000000000000000e+00 0.000000000000000000e+00 0.000000000000000000e+00 2.087692820053738160e+03 2.087692820053738160e+03 0.000000000000000000e+00 0.000000000000000000e+00 0.000000000000000000e+00 2.087692820053738160e+03 2.087692820053738160e+03
2.000000000000000000e+03 0.000000000000000000e+00 0.000000000000000000e+00 0.000000000000000000e+00 2.087642157854324523e+03 2.087642157854324523e+03 0.000000000000000000e+00 0.000000000000000000e+00 0.000000000000000000e+00 2.087642157854324523e+03 2.087642157854324523e+03
3.000000000000000000e+03 0.000000000000000000e+00 0.000000000000000000e+00 0.000000000000000000e+00 2.087638146287703421e+03 2.087638146287703421e+03 0.000000000000000000e+00 0.000000000000000000e+00 0.000000000000000000e+00 2.087638146287703421e+03 2.087638146287703421e+03
4.000000000000000000e+03 0.000000000000000000e+00 0.000000000000000000e+00 0.000000000000000000e+00 2.087636413300266668e+03 2.087636413300266668e+03 0.000000000000000000e+00 0.000000000000000000e+00 0.000000000000000000e+00 2.087636413300266668e+03 2.087636413300266668e+03
5.000000000000000000e+03 0.000000000000000000e+00 0.000000000000000000e+00 0.000000000000000000e+00 2.087635559833287516e+03 2.087635559833287516e+03 0.000000000000000000e+00 0.000000000000000000e+00 0.000000000000000000e+00 2.087635559833287516e+03 2.087635559833287516e+03
6.000000000000000000e+03 0.000000000000000000e+00 0.000000000000000000e+00 0.000000000000000000e+00 2.087635106392034231e+03 2.087635106392034231e+03 0.000000000000000000e+00 0.000000000000000000e+00 0.000000000000000000e+00 2.087635106392034231e+03 2.087635106392034231e+03
7.000000000000000000e+03 0.000000000000000000e+00 0.000000000000000000e+00 0.000000000000000000e+00 2.087634854151542186e+03 2.087634854151542186e+03 0.000000000000000000e+00 0.000000000000000000e+00 0.000000000000000000e+00 2.087634854151542186e+03 2.087634854151542186e+03
8.000000000000000000e+03 0.000000000000000000e+00 0.000000000000000000e+00 0.000000000000000000e+00 2.087634708718805541e+03 2.087634708718805541e+03 0.000000000000000000e+00 0.000000000000000000e+00 0.000000000000000000e+00 2.087634708718805541e+03 2.087634708718805541e+03
9.000000000000000000e+03 0.000000000000000000e+00 0.000000000000000000e+00 0.000000000000000000e+00 7.591119053887779273e+02 7.591119053887779273e+02 0.000000000000000000e+00 0.000000000000000000e+00 0.000000000000000000e+00 7.591119053887779273e+02 7.591119053887779273e+02
1.000000000000000000e+04 0.000000000000000000e+00 0.000000000000000000e+00 0.000000000000000000e+00 1.133612523610866596e+01 1.133612523610866596e+01 0.000000000000000000e+00 0.000000000000000000e+00 0.000000000000000000e+00 1.133612523610866596e+01 1.133612523610866596e+01
1.100000000000000000e+04 0.000000000000000000e+00 0.000000000000000000e+00 0.000000000000000000e+00 7.029524912462720820e+00 7.029524912462720820e+00 0.000000000000000000e+00 0.000000000000000000e+00 0.000000000000000000e+00 7.029524912462720820e+00 7.029524912462720820e+00
1.200000000000000000e+04 0.000000000000000000e+00 0.000000000000000000e+00 0.000000000000000000e+00 5.352715181371008768e+00 5.352715181371008768e+00 0.000000000000000000e+00 0.000000000000000000e+00 0.000000000000000000e+00 5.352715181371008768e+00 5.352715181371008768e+00
1.300000000000000000e+04 0.000000000000000000e+00 0.000000000000000000e+00 0.000000000000000000e+00 4.053468253542732214e+00 4.053468253542732214e+00 0.000000000000000000e+00 0.000000000000000000e+00 0.000000000000000000e+00 4.053468253542732214e+00 4.053468253542732214e+00
1.400000000000000000e+04 0.000000000000000000e+00 0.000000000000000000e+00 0.000000000000000000e+00 3.197310563659522042e+00 3.197310563659522042e+00 0.000000000000000000e+00 0.000000000000000000e+00 0.000000000000000000e+00 3.197310563659522042e+00 3.197310563659522042e+00
1.500000000000000000e+04 0.000000000000000000e+00 0.000000000000000000e+00 0.000000000000000000e+00 2.611818273638352839e+00 2.611818273638352839e+00 0.000000000000000000e+00 0.000000000000000000e+00 0.000000000000000000e+00 2.611818273638352839e+00 2.611818273638352839e+00
1.500000000000000000e+04 3.962768243184459749e+00 1.517514995215379914e-02 6.102222189188903937e-04 2.611818273638352839e+00 2.611818273638352839e+00 3.723118808514974454e+00 1.543108701590041598e-02 9.296221574351286657e-05 2.611818273638352839e+00 2.611818273638352839e+00
1.600000000000000000e+04 1.146450714487302468e-03 5.883351109338657691e-04 1.445322509017943474e-05 2.324008893612886428e+00 2.324008893612886428e+00 1.294100846452612063e-03 5.920537661590190856e-04 6.608509584713281740e-05 2.324008893612886428e+00 2.324008893612886428e+00
1.700000000000000000e+04 8.845837620449810293e-04 4.649795567326832509e-04 1.570385252282346261e-06 1.993948070227794078e+00 1.993948070227794078e+00 2.854725928155743032e-03 4.658054145867062909e-04 2.582766950591325284e-04 1.993948070227794078e+00 1.993948070227794078e+00
1.800000000000000000e+04 7.836154449059296815e-04 6.128287569128604544e-04 9.834138575967825205e-07 1.798570272254005786e+00 1.798570272254005786e+00 1.335669957934885327e-03 6.168381762743182541e-04 7.479084480947851090e-05 1.798570272254005786e+00 1.798570272254005786e+00
1.900000000000000000e+04 6.618602711340612838e-04 5.908580467068120156e-04 1.600709691138876540e-07 1.430543083213331901e+00 1.430543083213331901e+00 2.906915847325710397e-03 5.922112600889146376e-04 1.435814284598925039e-04 1.430543083213331901e+00 1.430543083213331901e+00
2.000000000000000000e+04 8.783150389789267038e-04 4.892522073199985413e-04 1.457096344012841566e-07 1.166834956373672183e+00 1.166834956373672183e+00 2.465240929859998514e-03 4.934150299520930838e-04 1.238290921520708012e-04 1.166834956373672183e+00 1.166834956373672183e+00
2.100000000000000000e+04 8.356564641623571467e-04 3.898391039085264288e-04 1.046232417570503793e-06 1.030329689568766360e+00 1.030329689568766360e+00 1.389118858268435612e-02 4.116907014297345913e-04 6.471696548965166925e-05 1.030329689568766360e+00 1.030329689568766360e+00
2.200000000000000000e+04 7.875842924323052862e-04 2.961345049055740366e-04 3.438133880200739856e-06 1.012915262131304228e+00 1.012915262131304228e+00 3.954390783621274975e-03 3.175275026197504099e-04 4.232515261252379303e-05 1.012915262131304228e+00 1.012915262131304228e+00
2.300000000000000000e+04 5.613679069679925783e-04 2.367323743058714230e-04 6.879738490080869660e-07 6.542974776028097628e-01 6.542974776028097628e-01 6.614969690581147879e-03 2.563434069085124408e-04 8.470901552562085335e-06 6.542974776028097628e-01 6.542974776028097628e-01
2.400000000000000000e+04 5.128202514398575275e-04 2.370242651550638255e-04 5.082835389255358206e-07 5.724037975041372794e-01 5.724037975041372794e-01 3.456052424149395549e-03 2.511226242726145581e-04 6.865256522118076503e-05 5.724037975041372794e-01 5.724037975041372794e-01
2.500000000000000000e+04 4.842224679391442200e-04 2.217865122429925372e-04 1.244571715808079498e-07 4.965667730390133650e-01 4.965667730390133650e-01 4.757267573567474685e-03 2.314662109388521019e-04 5.606784548156784468e-05 4.965667730390133650e-01 4.965667730390133650e-01
2.600000000000000000e+04 5.199574240981976771e-04 2.296712433255728293e-04 1.871909579718767906e-07 4.524576677304313344e-01 4.524576677304313344e-01 8.804276067172650891e-03 2.348515843145818592e-04 2.268262488099498971e-04 4.524576677304313344e-01 4.524576677304313344e-01
2.700000000000000000e+04 5.141341988002650623e-04 2.488335452588229094e-04 1.978969845866192950e-07 3.967429417651471280e-01 3.967429417651471280e-01 3.968559301513670950e-02 2.532488203240671094e-04 6.498062368065564117e-05 3.967429417651471280e-01 3.967429417651471280e-01
2.800000000000000000e+04 4.658579212124293323e-04 2.863174493745785265e-04 2.761923666944819363e-07 3.812513196298527030e-01 3.812513196298527030e-01 2.148444471680273620e-03 2.869973560538284464e-04 1.192773424233834612e-05 3.812513196298527030e-01 3.812513196298527030e-01
2.900000000000000000e+04 5.419282585461640848e-04 3.259551710523767498e-04 8.408834262855214491e-07 6.104917133954823605e-01 6.104917133954823605e-01 2.213891741226229649e-03 3.265043050618952089e-04 4.506817280598528338e-04 6.104917133954823605e-01 6.104917133954823605e-01
3.000000000000000000e+04 4.616695022797170055e-04 3.396630002782205114e-04 3.120442526442302830e-07 3.229509814883817498e-01 3.229509814883817498e-01 2.121653398859186385e-03 3.413561079724223061e-04 7.882369084085003247e-04 3.229509814883817498e-01 3.229509814883817498e-01
3.100000000000000000e+04 3.937145289929402502e-04 3.768579779222548123e-04 1.323646798740885587e-06 2.878671123978991941e-01 2.878671123978991941e-01 7.539966661189034455e-03 3.815710023386896087e-04 1.489806459210870433e-04 2.878671123978991941e-01 2.878671123978991941e-01
3.200000000000000000e+04 5.454864247715471206e-04 3.653254924287001955e-04 4.311984060772888825e-07 3.484679883294627967e-01 3.484679883294627967e-01 1.407787004591906904e-03 3.715398264377624033e-04 3.275476487219396106e-05 3.484679883294627967e-01 3.484679883294627967e-01
3.300000000000000000e+04 3.614056055986775151e-04 3.266076967167792387e-04 1.896516684070294238e-07 2.982847332258644624e-01 2.982847332258644624e-01 2.272705757306996057e-03 3.304744007014226524e-04 3.441368108721946798e-04 2.982847332258644624e-01 2.982847332258644624e-01
3.400000000000000000e+04 3.083117110323187670e-04 3.065702908464508058e-04 5.794427184204996255e-07 2.401999629318692098e-01 2.401999629318692098e-01 9.761847656116160246e-03 3.098359879968114834e-04 1.357762204622793957e-04 2.401999629318692098e-01 2.401999629318692098e-01
3.500000000000000000e+04 3.120674948090557273e-04 3.828231197123000947e-04 6.833209926390392215e-08 2.361975616897219188e-01 2.361975616897219188e-01 4.391763922544720394e-02 3.871037223162332170e-04 9.893924266908747748e-06 2.361975616897219188e-01 2.361975616897219188e-01
3.600000000000000000e+04 2.712558340954512675e-04 3.543009403648309181e-04 4.014144505966696105e-08 2.319926743969953631e-01 2.319926743969953631e-01 8.276253059395207723e-01 3.751792560598949202e-04 1.613431848955623244e-05 2.319926743969953631e-01 2.319926743969953631e-01
3.700000000000000000e+04 4.555485656731400124e-04 3.272252224679578995e-04 1.045956142136791925e-05 3.435189276672656056e-01 3.435189276672656056e-01 3.387702056897991948e-02 3.363872048385472234e-04 8.817621953344683186e-05 3.435189276672656056e-01 3.435189276672656056e-01
3.800000000000000000e+04 2.981215524250217840e-04 3.000686154780426778e-04 2.071519327827938552e-07 2.453676006227339390e-01 2.453676006227339390e-01 3.116548214593813787e-02 3.088894751854300838e-04 3.306215557319840495e-04 2.453676006227339390e-01 2.453676006227339390e-01
3.900000000000000000e+04 2.233355919973249834e-04 2.811383457263907167e-04 2.636377261446471348e-07 1.898700281839656445e-01 1.898700281839656445e-01 3.050583563086929455e-03 2.901103602330574126e-04 7.403569965500593356e-05 1.898700281839656445e-01 1.898700281839656445e-01
4.000000000000000000e+04 2.591896246461571204e-04 2.671187400488550415e-04 4.008143208201653279e-07 1.990533471349680006e-01 1.990533471349680006e-01 6.515399071253469114e-03 2.753938436326810991e-04 6.927699263497040646e-04 1.990533471349680006e-01 1.990533471349680006e-01
4.100000000000000000e+04 4.405025410820780194e-04 5.777774375127716928e-04 5.718160317335139270e-06 1.760624634158379775e-01 1.760624634158379775e-01 4.715659286285923957e-02 6.412431950802921976e-04 2.016603453087614469e-04 1.760624634158379775e-01 1.760624634158379775e-01
4.200000000000000000e+04 3.359257697147962339e-04 5.507742916131409382e-04 3.989367858456580782e-06 2.324038795813621328e-01 2.324038795813621328e-01 3.029845523303092026e-03 5.775246414159714925e-04 9.843026799631758757e-04 2.324038795813621328e-01 2.324038795813621328e-01
4.300000000000000000e+04 3.678373266914154380e-04 5.235086144556270072e-04 3.961646377844435410e-06 4.491099675743113750e-01 4.491099675743113750e-01 3.817353743776533744e-03 5.553664246248061912e-04 2.229815854835126901e-05 4.491099675743113750e-01 4.491099675743113750e-01
4.400000000000000000e+04 3.629895986814464081e-04 4.669699261604314628e-04 4.711898682072885309e-06 1.542956368390361876e-01 1.542956368390361876e-01 5.747149369541144220e-02 6.233719890180475318e-04 1.667529244811350288e-04 1.542956368390361876e-01 1.542956368390361876e-01
4.500000000000000000e+04 2.255869908060895222e-04 4.452611684277736994e-04 2.171545791723636835e-06 1.516648253392979262e-01 1.516648253392979262e-01 8.908362977852848572e-03 4.969321264739705703e-04 6.389042451802953444e-05 1.516648253392979262e-01 1.516648253392979262e-01
4.600000000000000000e+04 2.235540889077919033e-04 4.232208027210373493e-04 1.636013069545141047e-06 1.431311123933419194e-01 1.431311123933419194e-01 5.813224209399987796e-02 5.412942228767566536e-04 1.025496814965167055e-03 1.431311123933419194e-01 1.431311123933419194e-01
4.700000000000000000e+04 3.467283288783207674e-04 4.099019090255174615e-04 3.099465749105063728e-06 5.094702498004757274e-01 5.094702498004757274e-01 1.248882549459812488e-02 4.426018360016186664e-04 6.512387261223382025e-05 5.094702498004757274e-01 5.094702498004757274e-01
4.800000000000000000e+04 2.237475450491907287e-04 3.956084010069570080e-04 1.066361877941909697e-06 2.012391473779359674e-01 2.012391473779359674e-01 5.782746181901934207e-02 5.257037816584144048e-04 1.966605830019797318e-05 2.012391473779359674e-01 2.012391473779359674e-01
4.900000000000000000e+04 1.874505435866404652e-04 3.789644127827281636e-04 1.119609218279553087e-06 1.299940845061275940e-01 1.299940845061275940e-01 8.768148099814665475e-02 5.887011290212047039e-04 6.404017862717271666e-04 1.299940845061275940e-01 1.299940845061275940e-01
5.000000000000000000e+04 1.880551341734386503e-04 3.652654777641796521e-04 1.738649131738471268e-06 1.514450571276685364e-01 1.514450571276685364e-01 9.099204692086163004e-02 5.725751941250265724e-04 7.302473567191200120e-04 1.514450571276685364e-01 1.514450571276685364e-01
5.100000000000000000e+04 5.053865821774202339e-04 2.872492729596643661e-04 1.056821523310386226e-07 1.226853345301694431e-01 1.226853345301694431e-01 1.437555748685784979e-02 2.871513002073569957e-04 5.739197807470639966e-04 1.226853345301694431e-01 1.226853345301694431e-01
5.200000000000000000e+04 2.865873536875125313e-04 2.420006968056447603e-04 8.982233730152220941e-08 1.225792966836897896e-01 1.225792966836897896e-01 4.815675913010654223e-03 2.402488871618598248e-04 1.158458887428049896e-03 1.225792966836897896e-01 1.225792966836897896e-01
5.300000000000000000e+04 2.962107678001071149e-04 2.225944465395605400e-04 2.201136483040177607e-05 1.329121281715857916e-01 1.329121281715857916e-01 3.009680825184928455e-03 2.199354150509417094e-04 1.280596723762941454e-03 1.329121281715857916e-01 1.329121281715857916e-01
5.400000000000000000e+04 1.743026459337370391e-04 2.190406735215236992e-04 4.760856244753556095e-08 1.171870280371527795e-01 1.171870280371527795e-01 5.004455950992068615e-03 2.165776213571398367e-04 1.081143884295179304e-03 1.171870280371527795e-01 1.171870280371527795e-01
5.500000000000000000e+04 3.653638028374587361e-04 2.096014977533286678e-04 1.140358785118223114e-05 5.076186623204591575e-01 5.076186623204591575e-01 1.942991657564459296e-02 2.102319630799137108e-04 8.682511727064228988e-05 5.076186623204591575e-01 5.076186623204591575e-01
5.600000000000000000e+04 1.252225200108009954e-04 2.033057588328231625e-04 7.945650056205434441e-08 1.235789485353721295e-01 1.235789485353721295e-01 2.231300841925384568e-02 2.018231294051533499e-04 1.001794373088920947e-03 1.235789485353721295e-01 1.235789485353721295e-01
5.700000000000000000e+04 4.645718134227090667e-04 1.994625108841967590e-04 6.765182944508080648e-07 1.620283761853970883e-01 1.620283761853970883e-01 8.194288774306310308e-02 1.976234390186874671e-04 1.437873152179339762e-03 1.620283761853970883e-01 1.620283761853970883e-01
5.800000000000000000e+04 1.423252805418033604e-04 1.953230941053880464e-04 1.844435844010329437e-07 1.203028081313918252e-01 1.203028081313918252e-01 5.535406064936173286e-03 1.930104374246991610e-04 6.556516928969961149e-04 1.203028081313918252e-01 1.203028081313918252e-01
5.900000000000000000e+04 5.963270929516332726e-04 1.946119491042184188e-04 3.661858574761355893e-06 4.188580996977792625e-01 4.188580996977792625e-01 1.798446787032578764e-02 1.920067054911577529e-04 8.358921800217126779e-04 4.188580996977792625e-01 4.188580996977792625e-01
6.000000000000000000e+04 3.670841524423791927e-04 1.897888302215748710e-04 1.190443380652950690e-06 3.470322806107131175e-01 3.470322806107131175e-01 3.961190610921243131e-03 1.895916560166513150e-04 2.094440725349894716e-04 3.470322806107131175e-01 3.470322806107131175e-01
6.100000000000000000e+04 1.669597383236667159e-04 1.911334971894987063e-04 3.365395600225998263e-06 1.136506033417233469e-01 1.136506033417233469e-01 1.270020053065618881e-01 1.867034341204239938e-04 1.051915224060250703e-02 1.136506033417233469e-01 1.136506033417233469e-01
6.200000000000000000e+04 1.296047810381150572e-04 1.775521721766167515e-04 1.157999527421907162e-06 9.056508663338916354e-02 9.056508663338916354e-02 1.334917218129948457e-01 1.780903869109106427e-04 5.853104578983227280e-03 9.056508663338916354e-02 9.056508663338916354e-02
6.300000000000000000e+04 1.308368456872422455e-04 1.624192016270884159e-04 2.275840909870166626e-06 1.043960418778134835e-01 1.043960418778134835e-01 7.966489973294918481e-02 1.598055189749277895e-04 5.470398116598697725e-04 1.043960418778134835e-01 1.043960418778134835e-01
6.400000000000000000e+04 1.012944154500203020e-04 1.594916101912966010e-04 1.040164805267349993e-06 8.619207758405143804e-02 8.619207758405143804e-02 2.890204860697990347e-02 1.558297609755251762e-04 2.535875377921691922e-04 8.619207758405143804e-02 8.619207758405143804e-02
6.500000000000000000e+04 1.182116474524163706e-04 1.555936079414266238e-04 7.520569762245226037e-06 9.127240519882977299e-02 9.127240519882977299e-02 1.680513518973643372e-02 1.514091692529780065e-04 1.853872144485169875e-04 9.127240519882977299e-02 9.127240519882977299e-02
6.600000000000000000e+04 1.517528673264059334e-04 1.523022705899591237e-04 1.494539064166368708e-05 2.333553351630084371e-01 2.333553351630084371e-01 1.087343317001157779e-02 1.479154765186595558e-04 3.837445429708149472e-04 2.333553351630084371e-01 2.333553351630084371e-01
6.700000000000000000e+04 6.291474763614454463e-04 1.456116163410440644e-04 6.090053119189715283e-06 4.339829623289545579e-01 4.339829623289545579e-01 7.579182886069825431e-03 1.418441512528258760e-04 1.204650788897768977e-03 4.339829623289545579e-01 4.339829623289545579e-01
6.800000000000000000e+04 8.304549806240020321e-05 1.439525847302904526e-04 1.303693968714268199e-06 7.834050697667052643e-02 7.834050697667052643e-02 2.293895023714832837e-03 1.401444203260088673e-04 5.804465091309296684e-04 7.834050697667052643e-02 7.834050697667052643e-02
6.900000000000000000e+04 3.544858192948445105e-04 1.439930528689444672e-04 1.272473998833746397e-06 1.059251536954671641e-01 1.059251536954671641e-01 1.693694449163554369e-03 1.404064712862073902e-04 2.189766152392383380e-04 1.059251536954671641e-01 1.059251536954671641e-01
7.000000000000000000e+04 1.310647770663989564e-04 1.404370329795365387e-04 1.061846660398841560e-06 1.204047306146594498e-01 1.204047306146594498e-01 2.828462270307554021e-03 1.368790188303671855e-04 4.156072622286659073e-03 1.204047306146594498e-01 1.204047306146594498e-01
7.100000000000000000e+04 4.109062441250928071e-04 2.605069742552267617e-04 3.348963485698368112e-07 7.412379825826377611e-02 7.412379825826377611e-02 1.417581433486596494e-02 2.642080852710776764e-04 2.024629528233059736e-03 7.412379825826377611e-02 7.412379825826377611e-02
7.200000000000000000e+04 1.169766658577695966e-04 2.263678143232555515e-04 1.040238761056556133e-07 7.868657871073973797e-02 7.868657871073973797e-02 5.543399579189953880e-03 2.311925641534078187e-04 1.244848120789718402e-04 7.868657871073973797e-02 7.868657871073973797e-02
7.300000000000000000e+04 1.090405204984643022e-04 2.137412780688184718e-04 8.744557614551057057e-08 7.216707917006183470e-02 7.216707917006183470e-02 4.125358485222014454e-03 2.166570118078452384e-04 8.557018752885924451e-05 7.216707917006183470e-02 7.216707917006183470e-02
7.400000000000000000e+04 3.098463052139427843e-04 2.014284947453601822e-04 4.119054738618110550e-07 1.447942645242358273e-01 1.447942645242358273e-01 7.549540724680795824e-03 2.046260671784555496e-04 9.371758202069223169e-05 1.447942645242358273e-01 1.447942645242358273e-01
7.500000000000000000e+04 8.434663793059338211e-05 1.853231838289957412e-04 9.645583878397832730e-08 7.176794874449542172e-02 7.176794874449542172e-02 7.365292004753955235e-02 1.916372673921338881e-04 6.706119595808186068e-05 7.176794874449542172e-02 7.176794874449542172e-02
7.600000000000000000e+04 1.397289068452939949e-04 1.821411916360974562e-04 9.893746940249587840e-07 1.002689372764165032e-01 1.002689372764165032e-01 3.100908254260804561e-02 1.874700892203093826e-04 1.362255551537841400e-05 1.002689372764165032e-01 1.002689372764165032e-01
7.700000000000000000e+04 6.729360817834982502e-05 1.879624492987283903e-04 4.397881952720468256e-07 6.643263335966013983e-02 6.643263335966013983e-02 7.074046277278163604e-03 1.907056638003385058e-04 3.281812201696994555e-04 6.643263335966013983e-02 6.643263335966013983e-02
7.800000000000000000e+04 5.063769213315271345e-04 1.848208809280937458e-04 2.685594283637570885e-06 1.719979301932866300e-01 1.719979301932866300e-01 5.984279288989237389e-02 1.885824490035128281e-04 1.560470429547866785e-04 1.719979301932866300e-01 1.719979301932866300e-01
7.900000000000000000e+04 9.052335743470516600e-05 1.819347967802168885e-04 3.192213008879025250e-07 1.149600828501925881e-01 1.149600828501925881e-01 1.802001985583489424e-02 1.849628449962212914e-04 1.217349668906142420e-04 1.149600828501925881e-01 1.149600828501925881e-01
8.000000000000000000e+04 6.624877174132176062e-04 1.799526115073482992e-04 6.538743376995218161e-07 1.818934224574433878e-01 1.818934224574433878e-01 4.998897293398349428e-03 1.826437698845340737e-04 3.108928365686862362e-04 1.818934224574433878e-01 1.818934224574433878e-01
8.100000000000000000e+04 1.504336048800781285e-04 3.290768877420280326e-04 2.369431106663320551e-07 6.030303392255542683e-02 6.030303392255542683e-02 1.283969685282066765e-02 3.342820049633286124e-04 5.128120597502330499e-04 6.030303392255542683e-02 6.030303392255542683e-02
8.200000000000000000e+04 4.359875928873941124e-04 2.936514255880273011e-04 5.828719318719706503e-07 1.651175071205872591e-01 1.651175071205872591e-01 1.057578306106171130e-02 2.970830234576387870e-04 7.557556142911462608e-04 1.651175071205872591e-01 1.651175071205872591e-01
8.300000000000000000e+04 1.204741710371743583e-04 3.163056686573594771e-04 5.811807553262305104e-07 6.930052931894273294e-02 6.930052931894273294e-02 1.275251867061572963e-03 3.163826892712083409e-04 3.443335134016039563e-05 6.930052931894273294e-02 6.930052931894273294e-02
8.400000000000000000e+04 1.011471207984230620e-04 2.758824259219150050e-04 4.508969861063318771e-07 6.017461636793622337e-02 6.017461636793622337e-02 2.171798162823054910e-03 2.797649668125520546e-04 2.358842556037072876e-04 6.017461636793622337e-02 6.017461636793622337e-02
8.500000000000000000e+04 1.014260707186508120e-04 2.491579474154063402e-04 6.573377243631727721e-07 5.764290413155676029e-02 5.764290413155676029e-02 1.475636918805785756e-02 2.532880728235485743e-04 1.954609190931569710e-04 5.764290413155676029e-02 5.764290413155676029e-02
8.600000000000000000e+04 9.667936809521148432e-05 2.187113468183290337e-04 1.559554035730044447e-06 5.584329129242794620e-02 5.584329129242794620e-02 8.935102131624449509e-03 2.232323174398706609e-04 6.337734433800917746e-04 5.584329129242794620e-02 5.584329129242794620e-02
8.700000000000000000e+04 9.535954080549346567e-05 2.114038543054519372e-04 1.255131131550820883e-06 5.934108287159502171e-02 5.934108287159502171e-02 6.365262857251013928e-02 2.132367606015558620e-04 5.117042912727547002e-04 5.934108287159502171e-02 5.934108287159502171e-02
8.800000000000000000e+04 7.014725990960665877e-05 2.088841796479620619e-04 1.654071947175490572e-06 5.266791053192058925e-02 5.266791053192058925e-02 9.883638791506834179e-03 2.114020953132380622e-04 3.949655260607496461e-04 5.266791053192058925e-02 5.266791053192058925e-02
8.900000000000000000e+04 7.976500241518837619e-05 2.497805399883522206e-04 8.838338734407446614e-07 5.211312752163769352e-02 5.211312752163769352e-02 1.546232420159026743e-03 2.490534984327929797e-04 1.666318731057089993e-04 5.211312752163769352e-02 5.211312752163769352e-02
9.000000000000000000e+04 1.758887647139039832e-04 2.351138947827987279e-04 2.840143128454812187e-05 5.728921143144243000e-02 5.728921143144243000e-02 6.762618819430268186e-03 2.330737627490989171e-04 7.396942202521252906e-05 5.728921143144243000e-02 5.728921143144243000e-02
9.100000000000000000e+04 1.394093783508579471e-04 4.139722547313176636e-04 3.807961336233422946e-06 6.600461579091675135e-02 6.600461579091675135e-02 7.868080955492174483e-03 3.966377368093700040e-04 1.466161546084985775e-04 6.600461579091675135e-02 6.600461579091675135e-02
9.200000000000000000e+04 1.230658876585176550e-04 3.981946913076793849e-04 1.447155038914769056e-07 4.976000127211974156e-02 4.976000127211974156e-02 1.721107340330020607e-03 3.834257554904498856e-04 1.356824129770269581e-04 4.976000127211974156e-02 4.976000127211974156e-02
9.300000000000000000e+04 9.230602940322270213e-05 3.815616317857600348e-04 1.327370983167065893e-07 4.842675942545714846e-02 4.842675942545714846e-02 5.992304013867690363e-03 3.670913607390658968e-04 3.936234250624408206e-04 4.842675942545714846e-02 4.842675942545714846e-02
9.400000000000000000e+04 1.209877120076768018e-04 3.750509528941511537e-04 4.335741941062900923e-06 9.787680289527805888e-02 9.787680289527805888e-02 6.335318768284396544e-03 3.615237543217009555e-04 4.500989958468838096e-04 9.787680289527805888e-02 9.787680289527805888e-02
9.500000000000000000e+04 7.575957356349721132e-05 3.626349737129298638e-04 3.312691115815779887e-07 4.784161483212701071e-02 4.784161483212701071e-02 3.110396955612249135e-03 3.507788302070593981e-04 1.107042758516476656e-04 4.784161483212701071e-02 4.784161483212701071e-02
9.600000000000000000e+04 5.294819044447162185e-04 3.593677687052265106e-04 2.613927348303869546e-07 1.011263994493700608e-01 1.011263994493700608e-01 5.288638256249724584e-03 3.478250806352133073e-04 2.442981927767391768e-04 1.011263994493700608e-01 1.011263994493700608e-01
9.700000000000000000e+04 6.016432948174133336e-04 3.198178187544515163e-04 1.105062124006842596e-06 7.782549572356531331e-02 7.782549572356531331e-02 6.614272339005518309e-02 3.106821648667279132e-04 1.293546568813690829e-03 7.782549572356531331e-02 7.782549572356531331e-02
9.800000000000000000e+04 1.342478970906521606e-04 2.743395119348748801e-04 1.326912873324749792e-07 4.960285234119481829e-02 4.960285234119481829e-02 1.111543772836149913e-01 2.773172195244960354e-04 3.630785603624464629e-04 4.960285234119481829e-02 4.960285234119481829e-02
9.900000000000000000e+04 2.102314410225553760e-04 2.446609089190697342e-04 2.947014789244946660e-07 1.459052090474736441e-01 1.459052090474736441e-01 1.029442013371470628e-02 2.376294160092276336e-04 8.922540539772696880e-04 1.459052090474736441e-01 1.459052090474736441e-01
1.000000000000000000e+05 2.062344799475576804e-04 2.330548140969679880e-04 5.861333739348475913e-06 3.342572762559058996e-01 3.342572762559058996e-01 1.068860573830391486e-02 2.253854180294365714e-04 2.098607415609490942e-04 3.342572762559058996e-01 3.342572762559058996e-01
1.010000000000000000e+05 1.199989222882952945e-04 4.230545628916983865e-04 3.270661811042223154e-07 4.380889835215564382e-02 4.380889835215564382e-02 3.141698397351522232e-02 4.173797700564492192e-04 4.454303084224195929e-03 4.380889835215564382e-02 4.380889835215564382e-02
1.020000000000000000e+05 8.541206941131995495e-05 4.137508122129407310e-04 6.179503999961424727e-08 4.313655698775440556e-02 4.313655698775440556e-02 2.785161464012862395e-02 4.078156531307500156e-04 4.114621825819743048e-03 4.313655698775440556e-02 4.313655698775440556e-02
1.030000000000000000e+05 3.363162760673840917e-04 4.011871290693538438e-04 1.204578057629934164e-06 3.010342151494086460e-01 3.010342151494086460e-01 2.356780911136877737e-02 4.005812647590277498e-04 7.258243255033446778e-03 3.010342151494086460e-01 3.010342151494086460e-01
1.040000000000000000e+05 7.900725941285713263e-05 3.877633616175680913e-04 1.866571977992690787e-07 4.069628870423541711e-02 4.069628870423541711e-02 1.547804634499077257e-02 3.892663842781845054e-04 1.509404746374235461e-02 4.069628870423541711e-02 4.069628870423541711e-02
1.050000000000000000e+05 7.029183384314230171e-05 3.765936611881896931e-04 1.198246762818980890e-07 4.003500701874578710e-02 4.003500701874578710e-02 2.254525478856775345e-02 3.753573959706426591e-04 6.287527799579833987e-03 4.003500701874578710e-02 4.003500701874578710e-02
1.060000000000000000e+05 5.826751440851061652e-05 3.613276950689270480e-04 1.118358322481735289e-07 4.384865713514610880e-02 4.384865713514610880e-02 9.308161694458793115e-03 3.572255823671868324e-04 6.512846074707274958e-04 4.384865713514610880e-02 4.384865713514610880e-02
1.070000000000000000e+05 4.484197507481593357e-05 3.519945055371217178e-04 1.023491053483497864e-07 3.894037419831192920e-02 3.894037419831192920e-02 1.397250304886915248e-02 3.494828769761298710e-04 1.845838370564216284e-03 3.894037419831192920e-02 3.894037419831192920e-02
1.080000000000000000e+05 4.788775455506041927e-05 3.434805828444911606e-04 8.146043072664959494e-08 3.831252527218636378e-02 3.831252527218636378e-02 2.018069371193773401e-02 3.437011061919439860e-04 8.183312690492891908e-04 3.831252527218636378e-02 3.831252527218636378e-02
1.090000000000000000e+05 4.651692719668757824e-05 3.020952170860583853e-04 7.939540462353447675e-08 4.356368561490509689e-02 4.356368561490509689e-02 2.382713839474072740e-02 3.009224230037846315e-04 1.269465354096828034e-03 4.356368561490509689e-02 4.356368561490509689e-02
1.100000000000000000e+05 3.687469148413284478e-05 2.773734382164010754e-04 6.197890782763842935e-08 3.728464091870347524e-02 3.728464091870347524e-02 2.885511721402917243e-02 2.769366976864417475e-04 1.770082897018135848e-03 3.728464091870347524e-02 3.728464091870347524e-02
1.110000000000000000e+05 8.989997761449612516e-05 2.748227594797204116e-04 2.222962990542251370e-07 4.016963168498415698e-02 4.016963168498415698e-02 2.835325988841667054e-03 2.738106796045626035e-04 3.811174143224970909e-04 4.016963168498415698e-02 4.016963168498415698e-02
1.120000000000000000e+05 3.955980663975915699e-05 2.608170492102575527e-04 1.635341034594940295e-07 3.620304325168337972e-02 3.620304325168337972e-02 3.821429124101947787e-03 2.605593416759665964e-04 2.672613895304961577e-03 3.620304325168337972e-02 3.620304325168337972e-02
1.130000000000000000e+05 4.083488039418224570e-04 2.443023069529942789e-04 3.973518495237874818e-06 7.600555961011394579e-02 7.600555961011394579e-02 4.164420256325775116e-03 2.463467376681842836e-04 6.298835710855445495e-04 7.600555961011394579e-02 7.600555961011394579e-02
1.140000000000000000e+05 4.019559702285191585e-05 2.527289550099677236e-04 1.441155365212463435e-07 3.779335027534892061e-02 3.779335027534892061e-02 5.665607919588749181e-02 2.593263507890891727e-04 3.193845153573709040e-04 3.779335027534892061e-02 3.779335027534892061e-02
1.150000000000000000e+05 3.254535176258292327e-05 2.427491737358375141e-04 2.494937531464157872e-07 3.463830036584479577e-02 3.463830036584479577e-02 1.308784920910280869e-01 2.557527054696995717e-04 1.093570047898476507e-03 3.463830036584479577e-02 3.463830036584479577e-02
1.160000000000000000e+05 3.737884739702736529e-05 1.528268357849470866e-04 3.921863244206760407e-08 3.623629179379438126e-02 3.623629179379438126e-02 1.475190015831550662e-02 1.590659895503882546e-04 1.293813820639061257e-03 3.623629179379438126e-02 3.623629179379438126e-02
1.170000000000000000e+05 1.680693666775978645e-04 1.418600464212829964e-04 3.076871423785099933e-07 3.406331561703325461e-02 3.406331561703325461e-02 3.333190735393393861e-02 1.470358318415109606e-04 1.169677989997639032e-03 3.406331561703325461e-02 3.406331561703325461e-02
1.180000000000000000e+05 7.501348177206071670e-05 1.352029760009729772e-04 3.084016668404947434e-07 4.163736433053435992e-02 4.163736433053435992e-02 3.951380243939592862e-01 1.534146971334463666e-04 9.494637596655524682e-05 4.163736433053435992e-02 4.163736433053435992e-02
1.190000000000000000e+05 1.052277728399015185e-04 1.462738074312781020e-04 1.173326542880609110e-06 1.258784103879041494e-01 1.258784103879041494e-01 3.525957763520325416e-01 1.686841827021251842e-04 1.718617496040029068e-04 1.258784103879041494e-01 1.258784103879041494e-01
1.200000000000000000e+05 3.285509595431154321e-05 1.389131176116794046e-04 8.977796145426964832e-08 3.233869734773077431e-02 3.233869734773077431e-02 8.530666284773491537e-02 1.461515520357997938e-04 3.269043084076145094e-05 3.233869734773077431e-02 3.233869734773077431e-02
1.210000000000000000e+05 1.488575858830616986e-04 3.624480735349830851e-04 1.608122549455277944e-06 4.017287811471015324e-02 4.017287811471015324e-02 1.742949184918605662e-02 3.610596592564024529e-04 2.432943180144127651e-02 4.017287811471015324e-02 4.017287811471015324e-02
1.220000000000000000e+05 7.536063413106541722e-05 2.920177356562267379e-04 9.913130675965515494e-07 3.329808280652012814e-02 3.329808280652012814e-02 2.207353974113895889e-03 2.898683042312621820e-04 8.858514588588003481e-04 3.329808280652012814e-02 3.329808280652012814e-02
1.230000000000000000e+05 7.625388802945321160e-05 2.434776255845336657e-04 1.535792529041691893e-06 3.169317775404520421e-02 3.169317775404520421e-02 4.633585514125761889e-02 2.438304303560690606e-04 1.602866553248790413e-03 3.169317775404520421e-02 3.169317775404520421e-02
1.240000000000000000e+05 3.837048868205127333e-05 2.192359931322493958e-04 2.138623373142115481e-07 3.093476853116281650e-02 3.093476853116281650e-02 2.359519659601471905e-02 2.227316941952621932e-04 2.443051217924679074e-03 3.093476853116281650e-02 3.093476853116281650e-02
1.250000000000000000e+05 3.327226787141777860e-05 3.155302909812738080e-04 9.762406145896431026e-08 3.150245355925503088e-02 3.150245355925503088e-02 1.311300460681980896e-03 3.278051772558305882e-04 8.395728803561230882e-04 3.150245355925503088e-02 3.150245355925503088e-02
1.260000000000000000e+05 3.034328302124170065e-05 3.155299045559576375e-04 9.262843804563123320e-07 2.991645090336211843e-02 2.991645090336211843e-02 2.252635139400445841e-03 3.290721380765974880e-04 1.320909821855154780e-03 2.991645090336211843e-02 2.991645090336211843e-02
1.270000000000000000e+05 3.510036688121011739e-05 3.110065242520814810e-04 3.585291838617058568e-07 3.145350889930943056e-02 3.145350889930943056e-02 6.860824277689709294e-04 3.242721469302371437e-04 1.773975027634592378e-04 3.145350889930943056e-02 3.145350889930943056e-02
1.280000000000000000e+05 3.841737017373652745e-05 3.308744775347752221e-04 3.042629205011766667e-08 3.092478175133207483e-02 3.092478175133207483e-02 3.349358075216475605e-03 3.412796219408495662e-04 2.254644738647529464e-04 3.092478175133207483e-02 3.092478175133207483e-02
1.290000000000000000e+05 5.240320207846932074e-05 3.457579312234273388e-04 8.606342833323676254e-08 3.044062299350102849e-02 3.044062299350102849e-02 7.565680580004120878e-04 3.627971280447873817e-04 1.769832293203089132e-04 3.044062299350102849e-02 3.044062299350102849e-02
1.300000000000000000e+05 5.128392747251087785e-05 3.577193647544176913e-04 4.078230393455616700e-07 2.869078570201970269e-02 2.869078570201970269e-02 1.106013069350533437e-03 3.742990526938727320e-04 8.138251680811186390e-05 2.869078570201970269e-02 2.869078570201970269e-02
1.310000000000000000e+05 1.898939243938864755e-04 1.976691801431304009e-04 3.465239243358193325e-06 2.195375147822975215e-01 2.195375147822975215e-01 4.869049256226556975e-04 1.935168221472919996e-04 3.091739770020659762e-05 2.195375147822975215e-01 2.195375147822975215e-01
1.320000000000000000e+05 2.981045559609570581e-04 2.415243829939737888e-04 8.799428602043275944e-06 2.900938049773228028e-02 2.900938049773228028e-02 2.484254213704033959e-02 2.387465855973948425e-04 7.145862002454625266e-03 2.900938049773228028e-02 2.900938049773228028e-02
1.330000000000000000e+05 2.035579418347190366e-04 3.142563510149251962e-04 5.007667603230402955e-06 3.436083161059092644e-02 3.436083161059092644e-02 2.643021501170522355e-03 3.158407645016252118e-04 4.105257091866512621e-04 3.436083161059092644e-02 3.436083161059092644e-02
1.340000000000000000e+05 5.387612900815924144e-05 2.608942216537142762e-04 3.096342421505922369e-08 2.722627700560690742e-02 2.722627700560690742e-02 2.537748825355727166e-03 2.592989127975476541e-04 1.408815133396777134e-04 2.722627700560690742e-02 2.722627700560690742e-02
1.350000000000000000e+05 4.894229348178768662e-05 2.343020976768619404e-04 2.565113563822281247e-07 3.868397556632443418e-02 3.868397556632443418e-02 7.568839908879537986e-04 2.320980139156648980e-04 7.695483124724220405e-05 3.868397556632443418e-02 3.868397556632443418e-02
1.360000000000000000e+05 5.537801445471181853e-05 2.155451101766850061e-04 2.490955611317760042e-07 4.345369394977072891e-02 4.345369394977072891e-02 2.801823007238635199e-03 2.135729183441465308e-04 5.385793696579319447e-04 4.345369394977072891e-02 4.345369394977072891e-02
1.370000000000000000e+05 7.327948255255221184e-05 1.921822559432203096e-04 1.329261198739644189e-06 5.150603589530489829e-02 5.150603589530489829e-02 1.349728257699938120e-03 1.889295567424538220e-04 2.898295958599971867e-05 5.150603589530489829e-02 5.150603589530489829e-02
1.380000000000000000e+05 2.569555680659139788e-05 1.712626276694861709e-04 1.214772195720024843e-07 2.565031104015037811e-02 2.565031104015037811e-02 1.871584483215796941e-03 1.658334787911133605e-04 2.364714743253443349e-04 2.565031104015037811e-02 2.565031104015037811e-02
1.390000000000000000e+05 1.015994737927443506e-04 2.363333265682035522e-04 3.760332869786392834e-07 6.892463786834691908e-02 6.892463786834691908e-02 1.155640691399449811e-02 2.342784097601842072e-04 4.852448118329396459e-02 6.892463786834691908e-02 6.892463786834691908e-02
1.400000000000000000e+05 7.156221880932268800e-05 1.732871504230013623e-04 3.696788009692011447e-06 2.655625054905784432e-02 2.655625054905784432e-02 6.979715643020389937e-02 1.755444464301517962e-04 3.754436728477697320e-03 2.655625054905784432e-02 2.655625054905784432e-02
1.410000000000000000e+05 5.076266312587686814e-05 1.372758112857570421e-04 5.410920435444774729e-07 2.783299522302716544e-02 2.783299522302716544e-02 1.450619177043951762e-03 1.364305224362259467e-04 3.768472650476198301e-05 2.783299522302716544e-02 2.783299522302716544e-02
1.420000000000000000e+05 2.109666594591489764e-04 1.204165001641328012e-04 2.729307691121930407e-07 7.462254003057608442e-02 7.462254003057608442e-02 1.897495209955479128e-03 1.165646494730439395e-04 2.104241143181381906e-05 7.462254003057608442e-02 7.462254003057608442e-02
1.430000000000000000e+05 4.684268067534464407e-05 1.049737171315813039e-04 4.734639383478990205e-08 3.194715590010340639e-02 3.194715590010340639e-02 8.347944312292623990e-04 9.980149938895074000e-05 3.627120082381320523e-05 3.194715590010340639e-02 3.194715590010340639e-02
1.440000000000000000e+05 3.131405877607792293e-05 9.296017487083224238e-05 1.385080396114955817e-08 2.587787335599052788e-02 2.587787335599052788e-02 6.984178471942578941e-04 8.836332941974741500e-05 4.367718223850309200e-05 2.587787335599052788e-02 2.587787335599052788e-02
1.450000000000000000e+05 2.694833857994364461e-04 9.473209649080804688e-05 1.916842140703767050e-07 2.861452051228607907e-02 2.861452051228607907e-02 1.288669382699532320e-03 9.097822215243962774e-05 1.677387277751576287e-05 2.861452051228607907e-02 2.861452051228607907e-02
1.460000000000000000e+05 2.961854074739094021e-04 1.662758850169492009e-04 1.527828201886056330e-04 2.430712507811417372e-02 2.430712507811417372e-02 8.707344967040087438e-03 1.604567108786325537e-04 1.135611646641265836e-03 2.430712507811417372e-02 2.430712507811417372e-02
1.470000000000000000e+05 2.865251513643695164e-05 1.393282839971170879e-04 7.186526722753982816e-08 2.677931796785302729e-02 2.677931796785302729e-02 1.917947107997119852e-03 1.353774771422583227e-04 3.570528682150302720e-03 2.677931796785302729e-02 2.677931796785302729e-02
1.480000000000000000e+05 1.618798627440174077e-05 1.260017234759923735e-04 3.173561985601950500e-08 2.289300350837528142e-02 2.289300350837528142e-02 1.589357508588003969e-03 1.217944231170323707e-04 9.784156563242057611e-04 2.289300350837528142e-02 2.289300350837528142e-02
1.490000000000000000e+05 1.436836332238652494e-05 1.163913577579647095e-04 3.126509498102808083e-07 2.255111799665637795e-02 2.255111799665637795e-02 1.910832153382152577e-03 1.122639596762328555e-04 7.883941611613298197e-04 2.255111799665637795e-02 2.255111799665637795e-02
1.500000000000000000e+05 1.662108492020367704e-05 1.081041589954607525e-04 5.489677285776174312e-08 2.333413227874997151e-02 2.333413227874997151e-02 1.226824483925202484e-03 1.041125009922259849e-04 1.601366578753608632e-04 2.333413227874997151e-02 2.333413227874997151e-02
1.510000000000000000e+05 1.351537257627812786e-04 1.089672539006640860e-04 3.400447213498943739e-07 3.453370851845366518e-02 3.453370851845366518e-02 6.011679631159980858e-04 1.027079064505165257e-04 2.962484161486264976e-05 3.453370851845366518e-02 3.453370851845366518e-02
1.520000000000000000e+05 2.223565686205970226e-05 9.612860974704033287e-05 1.454542745728740725e-07 2.280564143927125628e-02 2.280564143927125628e-02 6.188482544635025371e-04 9.070898767831650619e-05 1.651159581550500123e-05 2.280564143927125628e-02 2.280564143927125628e-02
1.530000000000000000e+05 1.841134572924208666e-05 8.870150960316831520e-05 4.796817867153411332e-08 2.184936929042172182e-02 2.184936929042172182e-02 1.023304576124240599e-03 8.407128179282640694e-05 9.200457237069070151e-05 2.184936929042172182e-02 2.184936929042172182e-02
1.540000000000000000e+05 1.490269395475621189e-05 8.297240291974627795e-05 3.462712023862358892e-08 2.142341912432680837e-02 2.142341912432680837e-02 1.441984954324024423e-03 7.944587246112675024e-05 8.351672941745387816e-05 2.142341912432680837e-02 2.142341912432680837e-02
1.550000000000000000e+05 5.588073678631015167e-05 1.075891320099196135e-04 1.869849671871313255e-08 2.155196321267734486e-02 2.155196321267734486e-02 4.017296870128867457e-03 1.016631670808947253e-04 2.279456699499213452e-04 2.155196321267734486e-02 2.155196321267734486e-02
1.560000000000000000e+05 3.866020298257242702e-05 1.131196330586888975e-04 4.963746603205644963e-07 3.040703026665062675e-02 3.040703026665062675e-02 4.162109798177862120e-03 1.139840794710165713e-04 3.563853685172218514e-03 3.040703026665062675e-02 3.040703026665062675e-02
1.570000000000000000e+05 2.257434739258613407e-05 1.014863314670920116e-04 2.335361938864987397e-08 2.112555625508674359e-02 2.112555625508674359e-02 4.974529274014755434e-03 9.716925658064478298e-05 1.494812937643530675e-04 2.112555625508674359e-02 2.112555625508674359e-02
1.580000000000000000e+05 2.426150419116586196e-05 9.514103956474921175e-05 1.038278684691875432e-07 2.043616945701590137e-02 2.043616945701590137e-02 2.400339096497334460e-03 9.221203199452820607e-05 3.139406929419099267e-04 2.043616945701590137e-02 2.043616945701590137e-02
1.590000000000000000e+05 1.525836116068909352e-05 9.074345404275781354e-05 3.318773611438027956e-08 2.023008666784063825e-02 2.023008666784063825e-02 1.832498537261992386e-03 8.653362500941308671e-05 1.199083013323680658e-04 2.023008666784063825e-02 2.023008666784063825e-02
1.600000000000000000e+05 1.283569736995502274e-05 8.646234348447996731e-05 1.272003472916810519e-07 2.013736053138338172e-02 2.013736053138338172e-02 1.290950523819380360e-03 8.217292893527707400e-05 1.171112244611717469e-04 2.013736053138338172e-02 2.013736053138338172e-02
1.610000000000000000e+05 1.555920126456085157e-04 1.706942116011798179e-04 2.626886409290940501e-06 6.526409861769541521e-02 6.526409861769541521e-02 1.289521440159982317e-02 1.701794516334766410e-04 7.719400556495646399e-04 6.526409861769541521e-02 6.526409861769541521e-02
1.620000000000000000e+05 4.089369662044411920e-05 1.652034229629272119e-04 1.912669343879663395e-06 2.753750668153021400e-02 2.753750668153021400e-02 7.178643962729104079e-03 1.648285974076564673e-04 3.914590903108833720e-04 2.753750668153021400e-02 2.753750668153021400e-02
1.630000000000000000e+05 7.381461671722283071e-05 1.593968850832553740e-04 3.825271266261245992e-08 2.417168304234419696e-02 2.417168304234419696e-02 5.452139815354517787e-04 1.577986476709983851e-04 2.174201026717528698e-04 2.417168304234419696e-02 2.417168304234419696e-02
1.640000000000000000e+05 2.277337625873275846e-05 1.502758167516177342e-04 1.663830120403888128e-07 2.148200253063156651e-02 2.148200253063156651e-02 5.551352738641669162e-04 1.488759094040633117e-04 1.291224091150708559e-04 2.148200253063156651e-02 2.148200253063156651e-02
1.650000000000000000e+05 2.227531041206295918e-05 1.434189050645910094e-04 1.475118102623097487e-07 1.920694678910832287e-02 1.920694678910832287e-02 3.264671327397367269e-03 1.473465159949211023e-04 1.497694478319441715e-04 1.920694678910832287e-02 1.920694678910832287e-02
